    (0.0 0.0 0.0 283.32699585)
    (5.0 1.78001017734 2.0980993158 292.887809857)
    (10.0 2.45533335188 2.90875006584 293.483619155)
    (15.0 2.90453951632 3.47544780257 293.9076026)
    (20.0 3.23112051359 3.89813118047 294.295564812)
    (25.0 3.6549446174 4.4743949485 294.708397754)
    (30.0 3.8887485787 4.80476293673 295.082082465)
    (35.0 4.23783009105 5.33140354816 295.462936261)
    (40.0 4.44027983004 5.64929886455 295.837898303)
    (45.0 4.69302769961 6.08313339478 296.188536333)
    (50.0 4.90328016453 6.45710753421 296.538799339)
    (55.0 5.04762347967 6.74125337468 296.879651289)
    (60.0 5.2781224554 7.22402129894 297.163979753)
    (65.0 5.36405287686 7.42146003653 297.476559232)
    (70.0 5.49356712758 7.75135907747 297.736946899)
    (75.0 5.6388832584 8.13515487136 297.965940651)
    (80.0 5.69742273324 8.30398002599 298.218272532)
    (85.0 5.79114267604 8.61314019545 298.42011188)
    (90.0 5.89616289273 8.97246899901 298.599348464)
    (95.0 5.93551857875 9.12412960417 298.804788364)
    (100.0 5.98920553383 9.35084349556 298.983763005)
    (105.0 6.06217468684 9.67853883625 299.127129609)
    (110.0 6.10711607047 9.8933995679 299.275810381)
    (115.0 6.13901051969 10.0557357578 299.4269649)
    (120.0 6.18552461366 10.3247784601 299.546561652)
    (125.0 6.23469356594 10.6131985604 299.660427663)
    (130.0 6.25864948175 10.7616704491 299.790338467)
    (135.0 6.28057475942 10.8988710188 299.921541506)
    (140.0 6.3139104386 11.14592178 300.019818898)
    (145.0 6.348451995 11.4045817596 300.114616632)
    (150.0 6.3672929278 11.5517047501 300.215653122)
    (155.0 6.38158135717 11.666486826 300.318498581)
    (160.0 6.40061876721 11.8282188452 300.406642456)
    (165.0 6.42361651393 12.0291040207 300.482526178)
    (170.0 6.44599887453 12.2241938346 300.558442666)
    (175.0 6.46601945053 12.3970416854 300.6344849)
    (180.0 6.48604002653 12.5698895362 300.710527135)
    (185.0 6.50695335062 12.7402167788 300.786762159)
    (190.0 6.52817357105 12.9096775223 300.863063457)
    (195.0 6.54963800436 13.0743479125 300.939264631)
    (200.0 6.57241147934 13.213340819 301.014929114)
    (205.0 6.59518495432 13.3523337254 301.090593598)
    (210.0 6.6212078141 13.4848185948 301.163563155)
    (215.0 6.65127915345 13.6091949587 301.233175045)
    (220.0 6.68135049281 13.7335713225 301.302786934)
    (225.0 6.7101864345 13.8280717136 301.371324681)
    (230.0 6.73819898718 13.9026598542 301.439146513)
    (235.0 6.76621153986 13.9772479948 301.506968346)
    (240.0 6.79602654436 14.039403849 301.571765264)
    (245.0 6.82701353105 14.0934760374 301.634595335)
    (250.0 6.85800051775 14.1475482259 301.697425407)
    (255.0 6.88708399104 14.192128853 301.758141348)
    (260.0 6.9139546212 14.2256754962 301.816399604)
    (265.0 6.94082525137 14.2592221395 301.87465786)
    (270.0 6.9676530584 14.2918463107 301.932951182)
    (275.0 6.99426964622 14.3199205151 301.991417459)
    (280.0 7.02088623404 14.3479947195 302.049883735)
    (285.0 7.04750282187 14.376068924 302.108350012)
    (290.0 7.07357519456 14.4009232139 302.167441268)
    (295.0 7.09942358899 14.4244523094 302.226789742)
    (300.0 7.12527198342 14.447981405 302.286138215)
    (305.0 7.15105153401 14.4712928366 302.345514453)
    (310.0 7.17585321588 14.4915125363 302.405285057)
    (315.0 7.20065489776 14.511732236 302.465055661)
    (320.0 7.22545657964 14.5319519358 302.524826264)
    (325.0 7.25001427958 14.5516713368 302.584634739)
    (330.0 7.27382880285 14.5698668122 302.644558571)
    (335.0 7.29764332613 14.5880622876 302.704482402)
    (340.0 7.32145784941 14.606257763 302.764406234)
    (345.0 7.34514434339 14.6242185142 302.824097505)
    (350.0 7.36843364459 14.6414510667 302.883067287)
    (355.0 7.3917229458 14.6586836192 302.942037069)
    (360.0 7.415012247 14.6759161717 303.001006851)
    (365.0 7.43829810966 14.6931312176 303.059977869)
    (370.0 7.46147724861 14.7098029019 303.118987274)
    (375.0 7.48465638755 14.7264745862 303.177996679)
    (380.0 7.50783552649 14.7431462705 303.237006084)
    (385.0 7.53101466543 14.7598179548 303.296015489)
    (390.0 7.55441928414 14.7759735334 303.354268693)
    (395.0 7.57796466285 14.7918069233 303.412049824)
    (400.0 7.60151004156 14.8076403132 303.469830955)
    (405.0 7.62505542027 14.8234737031 303.527612086)
    (410.0 7.64860079898 14.839307093 303.585393216)
    (415.0 7.67279820236 14.8535661132 303.640741338)
    (420.0 7.69700890076 14.8677930316 303.69603985)
    (425.0 7.72121959916 14.8820199499 303.751338362)
    (430.0 7.74543029756 14.8962468682 303.806636873)
    (435.0 7.7696414233 14.9101529728 303.861656003)
    (440.0 7.79385611523 14.9213818234 303.914343633)
    (445.0 7.81807080716 14.9326106741 303.967031264)
    (450.0 7.84228549909 14.9438395247 304.019718894)
    (455.0 7.86650019103 14.9550683754 304.072406524)
    (460.0 7.89071488296 14.966297226 304.125094154)
    (465.0 7.9137899086 14.9729965322 304.176188807)
    (470.0 7.93685901895 14.9796723284 304.227275191)
    (475.0 7.9599281293 14.9863481246 304.278361575)
    (480.0 7.98299723965 14.9930239208 304.329447959)
    (485.0 8.00606635 14.999699717 304.380534343)
    (490.0 8.02838977089 15.0033928416 304.430703779)
    (495.0 8.04996990156 15.0041128911 304.479959217)
    (500.0 8.07155003223 15.0048329406 304.529214654)
    (505.0 8.0931301629 15.0055529901 304.578470092)
    (510.0 8.11471029356 15.0062730396 304.627725529)
    (515.0 8.13629042423 15.0069930891 304.676980967)
    (520.0 8.15694217629 15.0038025234 304.725043696)
    (525.0 8.17649006006 14.9959621263 304.771688263)
    (530.0 8.19603794382 14.9881217291 304.818332829)
    (535.0 8.21558582759 14.9802813319 304.864977396)
    (540.0 8.23513371136 14.9724409347 304.911621962)
    (545.0 8.25468159512 14.9646005376 304.958266529)
    (550.0 8.27422947889 14.9567601404 305.004911095)
    (555.0 8.29214238871 14.9395815031 305.050313871)
    (560.0 8.30967232744 14.9202155063 305.095425775)
    (565.0 8.32720226617 14.9008495094 305.140537678)
    (570.0 8.3447322049 14.8814835125 305.185649581)
    (575.0 8.36226214362 14.8621175157 305.230761484)
    (580.0 8.37979208235 14.8427515188 305.275873388)
    (585.0 8.39732202108 14.823385522 305.320985291)
    (590.0 8.41378258561 14.7967424848 305.364386816)
    (595.0 8.42916843664 14.7627860739 305.406069424)
    (600.0 8.44455428768 14.728829663 305.447752032)
    (605.0 8.45994013871 14.694873252 305.48943464)
    (610.0 8.47532598975 14.6609168411 305.531117248)
    (615.0 8.49071184078 14.6269604302 305.572799856)
    (620.0 8.50609769182 14.5930040192 305.614482464)
    (625.0 8.52148354285 14.5590476083 305.656165072)
    (630.0 8.53535208926 14.5176729637 305.699150784)
    (635.0 8.54742775135 14.4675327524 305.743676276)
    (640.0 8.55950341343 14.417392541 305.788201768)
    (645.0 8.57157907552 14.3672523297 305.83272726)
    (650.0 8.58365473761 14.3171121184 305.877252752)
    (655.0 8.5957303997 14.2669719071 305.921778244)
    (660.0 8.60780606178 14.2168316958 305.966303736)
    (665.0 8.61988172387 14.1666914844 306.010829228)
    (670.0 8.63195738596 14.1165512731 306.05535472)
    (675.0 8.64083258586 14.057057266 306.100871345)
    (680.0 8.64776490588 13.9918849221 306.146989651)
    (685.0 8.65469722589 13.9267125783 306.193107956)
    (690.0 8.66162954591 13.8615402345 306.239226261)
    (695.0 8.66856186592 13.7963678907 306.285344567)
    (700.0 8.67549418594 13.7311955469 306.331462872)
    (705.0 8.68242650595 13.6660232031 306.377581178)
    (710.0 8.68935882597 13.6008508592 306.423699483)
    (715.0 8.69629114598 13.5356785154 306.469817788)
    (720.0 8.703223466 13.4705061716 306.515936094)
    (725.0 8.70261384416 13.3956414217 306.56907275)
    (730.0 8.70113725931 13.3196625081 306.623016181)
    (735.0 8.69966067446 13.2436835946 306.676959612)
    (740.0 8.69818408961 13.167704681 306.730903043)
    (745.0 8.69670750476 13.0917257675 306.784846474)
    (750.0 8.69523091991 13.0157468539 306.838789906)
    (755.0 8.69375433506 12.9397679403 306.892733337)
    (760.0 8.6922777502 12.8637890268 306.946676768)
    (765.0 8.69080116535 12.7878101132 307.000620199)
    (770.0 8.6893245805 12.7118311996 307.05456363)
    (775.0 8.68627789271 12.6350879784 307.108158045)
    (780.0 8.67697372552 12.5552986899 307.160361493)
    (785.0 8.66766955833 12.4755094014 307.212564942)
    (790.0 8.65836539114 12.3957201128 307.26476839)
    (795.0 8.64906122394 12.3159308243 307.316971838)
    (800.0 8.63975705675 12.2361415358 307.369175286)
    (805.0 8.63045288956 12.1563522473 307.421378734)
    (810.0 8.62114872237 12.0765629587 307.473582183)
    (815.0 8.61184455518 11.9967736702 307.525785631)
    (820.0 8.60254038799 11.9169843817 307.577989079)
    (825.0 8.5932362208 11.8371950931 307.630192527)
    (830.0 8.58393205361 11.7574058046 307.682395975)
    (835.0 8.57318849954 11.6793872706 307.739945014)
    (840.0 8.56056756004 11.6036783233 307.804466282)
    (845.0 8.54794662053 11.527969376 307.868987549)
    (850.0 8.53532568102 11.4522604287 307.933508816)
    (855.0 8.52270474152 11.3765514814 307.998030084)
    (860.0 8.51008380201 11.300842534 308.062551351)
    (865.0 8.4974628625 11.2251335867 308.127072619)
    (870.0 8.484841923 11.1494246394 308.191593886)
    (875.0 8.47222098349 11.0737156921 308.256115153)
    (880.0 8.45960004398 10.9980067448 308.320636421)
    (885.0 8.44697910448 10.9222977975 308.385157688)
    (890.0 8.43435816497 10.8465888502 308.449678955)
    (895.0 8.42173722547 10.7708799029 308.514200223)
    (900.0 8.41265942868 10.6977005375 308.578188648)
    (905.0 8.40737870745 10.6272320462 308.641606044)
    (910.0 8.40209798622 10.5567635548 308.70502344)
    (915.0 8.39681726499 10.4862950635 308.768440835)
    (920.0 8.39153654377 10.4158265722 308.831858231)
    (925.0 8.38625582254 10.3453580808 308.895275626)
    (930.0 8.38097510131 10.2748895895 308.958693022)
    (935.0 8.37569438009 10.2044210982 309.022110418)
    (940.0 8.37041365886 10.1339526069 309.085527813)
    (945.0 8.36513293763 10.0634841155 309.148945209)
    (950.0 8.3598522164 9.9930156242 309.212362604)
    (955.0 8.35457149518 9.92254713287 309.27578)
    (960.0 8.34929077395 9.85207864154 309.339197396)
    (965.0 8.34401005272 9.78161015021 309.402614791)
    (970.0 8.3413893268 9.71305341331 309.462694591)
    (975.0 8.34718729869 9.65054724454 309.512211135)
    (980.0 8.35298527059 9.58804107577 309.561727679)
    (985.0 8.35878324249 9.525534907 309.611244223)
    (990.0 8.36458121439 9.46302873824 309.660760767)
    (995.0 8.37037918629 9.40052256947 309.710277311)
    (1000.0 8.37617715819 9.3380164007 309.759793855)
    (1005.0 8.38197513008 9.27551023193 309.809310399)
    (1010.0 8.38777310198 9.21300406316 309.858826943)
    (1015.0 8.39357107388 9.1504978944 309.908343487)
    (1020.0 8.39936904578 9.08799172563 309.957860031)
    (1025.0 8.40516701768 9.02548555686 310.007376575)
    (1030.0 8.41096498957 8.96297938809 310.056893119)
    (1035.0 8.41676296147 8.90047321933 310.106409663)
    (1040.0 8.42256093337 8.83796705056 310.155926207)
    (1045.0 8.42835890527 8.77546088179 310.205442751)
    (1050.0 8.43600113124 8.72243893471 310.249123177)
    (1055.0 8.44499780938 8.67638236454 310.288517458)
    (1060.0 8.45399448752 8.63032579437 310.327911739)
    (1065.0 8.46299116567 8.5842692242 310.36730602)
    (1070.0 8.47198784381 8.53821265403 310.4067003)
    (1075.0 8.48098452195 8.49215608386 310.446094581)
    (1080.0 8.48998120009 8.44609951369 310.485488862)
    (1085.0 8.49897787824 8.40004294352 310.524883143)
    (1090.0 8.50797455638 8.35398637335 310.564277424)
    (1095.0 8.51697123452 8.30792980318 310.603671705)
    (1100.0 8.52596791267 8.26187323301 310.643065985)
    (1105.0 8.53496459081 8.21581666284 310.682460266)
    (1110.0 8.54396126895 8.16976009267 310.721854547)
    (1115.0 8.5529579471 8.1237035225 310.761248828)
    (1120.0 8.56195462524 8.07764695233 310.800643109)
    (1125.0 8.57095130338 8.03159038216 310.840037389)
    (1130.0 8.57994798152 7.98553381199 310.87943167)
    (1135.0 8.58791186911 7.9463769524 310.915856371)
    (1140.0 8.59395956843 7.92002147287 310.946771458)
    (1145.0 8.60000726774 7.89366599334 310.977686546)
    (1150.0 8.60605496706 7.86731051381 311.008601634)
    (1155.0 8.61210266638 7.84095503429 311.039516722)
    (1160.0 8.6181503657 7.81459955476 311.07043181)
    (1165.0 8.62419806502 7.78824407523 311.101346898)
    (1170.0 8.63024576433 7.7618885957 311.132261986)
    (1175.0 8.63629346365 7.73553311617 311.163177074)
    (1180.0 8.64234116297 7.70917763665 311.194092162)
    (1185.0 8.64838886229 7.68282215712 311.225007249)
    (1190.0 8.6544365616 7.65646667759 311.255922337)
    (1195.0 8.66048426092 7.63011119806 311.286837425)
    (1200.0 8.66653196024 7.60375571854 311.317752513)
    (1205.0 8.67257965956 7.57740023901 311.348667601)
    (1210.0 8.67862735887 7.55104475948 311.379582689)
    (1215.0 8.68467505819 7.52468927995 311.410497777)
    (1220.0 8.69072275751 7.49833380042 311.441412865)
    (1225.0 8.69677045683 7.4719783209 311.472327953)
    (1230.0 8.70159089134 7.4526167647 311.499665665)
    (1235.0 8.70471513813 7.44292142474 311.522059129)
    (1240.0 8.70783938491 7.43322608477 311.544452594)
    (1245.0 8.7109636317 7.42353074481 311.566846059)
    (1250.0 8.71408787848 7.41383540484 311.589239524)
    (1255.0 8.71721212526 7.40414006488 311.611632988)
    (1260.0 8.72033637205 7.39444472491 311.634026453)
    (1265.0 8.72346061883 7.38474938495 311.656419918)
    (1270.0 8.72658486562 7.37505404498 311.678813383)
    (1275.0 8.7297091124 7.36535870502 311.701206847)
    (1280.0 8.73283335918 7.35566336505 311.723600312)
    (1285.0 8.73595760597 7.34596802509 311.745993777)
    (1290.0 8.73908185275 7.33627268512 311.768387241)
    (1295.0 8.74220609954 7.32657734516 311.790780706)
    (1300.0 8.74533034632 7.31688200519 311.813174171)
    (1305.0 8.7484545931 7.30718666523 311.835567636)
    (1310.0 8.75157883989 7.29749132526 311.8579611)
    (1315.0 8.75470308667 7.2877959853 311.880354565)
    (1320.0 8.75782733346 7.27810064534 311.90274803)
    (1325.0 8.76095158024 7.26840530537 311.925141495)
    (1330.0 8.76407582702 7.25870996541 311.947534959)
    (1335.0 8.76698747654 7.25580678634 311.967021588)
    (1340.0 8.76977882386 7.25674708023 311.984863329)
    (1345.0 8.77257017118 7.25768737412 312.002705069)
    (1350.0 8.7753615185 7.25862766802 312.02054681)
    (1355.0 8.77815286582 7.25956796191 312.038388551)
    (1360.0 8.78094421314 7.2605082558 312.056230291)
    (1365.0 8.78373556046 7.26144854969 312.074072032)
    (1370.0 8.78652690778 7.26238884358 312.091913773)
    (1375.0 8.7893182551 7.26332913748 312.109755513)
    (1380.0 8.79210960242 7.26426943137 312.127597254)
    (1385.0 8.79490094973 7.26520972526 312.145438994)
    (1390.0 8.79769229705 7.26615001915 312.163280735)
    (1395.0 8.80048364437 7.26709031305 312.181122476)
    (1400.0 8.80327499169 7.26803060694 312.198964216)
    (1405.0 8.80606633901 7.26897090083 312.216805957)
    (1410.0 8.80885768633 7.26991119472 312.234647698)
    (1415.0 8.81164903365 7.27085148861 312.252489438)
    (1420.0 8.81444038097 7.27179178251 312.270331179)
    (1425.0 8.81723172829 7.2727320764 312.28817292)
    (1430.0 8.82002307561 7.27367237029 312.30601466)
    (1435.0 8.82281442293 7.27461266418 312.323856401)
    (1440.0 8.82560577025 7.27555295807 312.341698141)
    (1445.0 8.82839711757 7.27649325197 312.359539882)
    (1450.0 8.83299906043 7.2811761608 312.376326594)
    (1455.0 8.8379863687 7.2866556442 312.392888754)
    (1460.0 8.84297367698 7.2921351276 312.409450914)
    (1465.0 8.84796098525 7.29761461099 312.426013074)
    (1470.0 8.85294829352 7.30309409439 312.442575234)
    (1475.0 8.85793560179 7.30857357779 312.459137395)
    (1480.0 8.86292291006 7.31405306119 312.475699555)
    (1485.0 8.86791021834 7.31953254459 312.492261715)
    (1490.0 8.87289752661 7.32501202798 312.508823875)
    (1495.0 8.87788483488 7.33049151138 312.525386036)
    (1500.0 8.88287214315 7.33597099478 312.541948196)
    (1505.0 8.88785945142 7.34145047818 312.558510356)
    (1510.0 8.8928467597 7.34692996158 312.575072516)
    (1515.0 8.89783406797 7.35240944497 312.591634676)
    (1520.0 8.90282137624 7.35788892837 312.608196837)
    (1525.0 8.90780868451 7.36336841177 312.624758997)
    (1530.0 8.91279599278 7.36884789517 312.641321157)
    (1535.0 8.91778330106 7.37432737857 312.657883317)
    (1540.0 8.92277060933 7.37980686196 312.674445477)
    (1545.0 8.9277579176 7.38528634536 312.691007638)
    (1550.0 8.93274522587 7.39076582876 312.707569798)
    (1555.0 8.93773253414 7.39624531216 312.724131958)
    (1560.0 8.94271984242 7.40172479556 312.740694118)
    (1565.0 8.94770715069 7.40720427896 312.757256278)
    (1570.0 8.95269445896 7.41268376235 312.773818439)
    (1575.0 8.96106662014 7.41524280423 312.792318989)
    (1580.0 8.97034404121 7.41702079043 312.811337951)
    (1585.0 8.97962146229 7.41879877664 312.830356913)
    (1590.0 8.98889888336 7.42057676284 312.849375874)
    (1595.0 8.99817630443 7.42235474905 312.868394836)
    (1600.0 9.0074537255 7.42413273525 312.887413798)
    (1605.0 9.01673114657 7.42591072146 312.90643276)
    (1610.0 9.02600856764 7.42768870766 312.925451722)
    (1615.0 9.03528598871 7.42946669387 312.944470683)
    (1620.0 9.04456340978 7.43124468007 312.963489645)
    (1625.0 9.05384083085 7.43302266628 312.982508607)
    (1630.0 9.06311825192 7.43480065248 313.001527569)
    (1635.0 9.07239567299 7.43657863869 313.020546531)
    (1640.0 9.08167309406 7.43835662489 313.039565493)
    (1645.0 9.09095051513 7.4401346111 313.058584454)
    (1650.0 9.1002279362 7.4419125973 313.077603416)
    (1655.0 9.10950535727 7.44369058351 313.096622378)
    (1660.0 9.11878277834 7.44546856971 313.11564134)
    (1665.0 9.12806019941 7.44724655592 313.134660302)
    (1670.0 9.13733762048 7.44902454212 313.153679263)
    (1675.0 9.14661504155 7.45080252833 313.172698225)
    (1680.0 9.15589246262 7.45258051453 313.191717187)
    (1685.0 9.16516988369 7.45435850074 313.210736149)
    (1690.0 9.17444730476 7.45613648694 313.229755111)
    (1695.0 9.18372472583 7.45791447315 313.248774072)
    (1700.0 9.1930021469 7.45969245935 313.267793034)
    (1705.0 9.20227956797 7.46147044556 313.286811996)
    (1710.0 9.2129738681 7.45844769991 313.306935105)
    (1715.0 9.22638780851 7.44621014964 313.329177578)
    (1720.0 9.23980174892 7.43397259938 313.351420051)
    (1725.0 9.25321568934 7.42173504911 313.373662523)
    (1730.0 9.26662962975 7.40949749884 313.395904996)
    (1735.0 9.28004357016 7.39725994858 313.418147469)
    (1740.0 9.29345751057 7.38502239831 313.440389942)
    (1745.0 9.30687145098 7.37278484804 313.462632415)
    (1750.0 9.32028539139 7.36054729777 313.484874888)
    (1755.0 9.3336993318 7.34830974751 313.507117361)
    (1760.0 9.34711327221 7.33607219724 313.529359834)
    (1765.0 9.36052721262 7.32383464697 313.551602306)
    (1770.0 9.37394115303 7.31159709671 313.573844779)
    (1775.0 9.38735509344 7.29935954644 313.596087252)
    (1780.0 9.40076903385 7.28712199617 313.618329725)
    (1785.0 9.41418297426 7.2748844459 313.640572198)
    (1790.0 9.42759691467 7.26264689564 313.662814671)
    (1795.0 9.44101085508 7.25040934537 313.685057144)
    (1800.0 9.45442479549 7.2381717951 313.707299617)
    (1805.0 9.4678387359 7.22593424484 313.729542089)
    (1810.0 9.48125267631 7.21369669457 313.751784562)
    (1815.0 9.49466661672 7.2014591443 313.774027035)
    (1820.0 9.50808055713 7.18922159403 313.796269508)
    (1825.0 9.52149449754 7.17698404377 313.818511981)
    (1830.0 9.53490843796 7.1647464935 313.840754454)
    (1835.0 9.54832237837 7.15250894323 313.862996927)
    (1840.0 9.56173631878 7.14027139297 313.885239399)
    (1845.0 9.57515025919 7.1280338427 313.907481872)
    (1850.0 9.5885641996 7.11579629243 313.929724345)
    (1855.0 9.60197814001 7.10355874216 313.951966818)
    (1860.0 9.61495852355 7.08937755271 313.974104132)
    (1865.0 9.62663518265 7.06935175543 313.99592523)
    (1870.0 9.63831184176 7.04932595815 314.017746327)
    (1875.0 9.64998850086 7.02930016086 314.039567425)
    (1880.0 9.66166515997 7.00927436358 314.061388522)
    (1885.0 9.67334181908 6.98924856629 314.08320962)
    (1890.0 9.68501847818 6.96922276901 314.105030718)
    (1895.0 9.69669513729 6.94919697173 314.126851815)
    (1900.0 9.70837179639 6.92917117444 314.148672913)
    (1905.0 9.7200484555 6.90914537716 314.17049401)
    (1910.0 9.73172511461 6.88911957988 314.192315108)
    (1915.0 9.74340177371 6.86909378259 314.214136205)
    (1920.0 9.75507843282 6.84906798531 314.235957303)
    (1925.0 9.76675509192 6.82904218803 314.2577784)
    (1930.0 9.77843175103 6.80901639074 314.279599498)
    (1935.0 9.79010841013 6.78899059346 314.301420596)
    (1940.0 9.80178506924 6.76896479618 314.323241693)
    (1945.0 9.81346172835 6.74893899889 314.345062791)
    (1950.0 9.82513838745 6.72891320161 314.366883888)
    (1955.0 9.83681504656 6.70888740433 314.388704986)
    (1960.0 9.84849170566 6.68886160704 314.410526083)
    (1965.0 9.86016836477 6.66883580976 314.432347181)
    (1970.0 9.87184502388 6.64881001247 314.454168278)
    (1975.0 9.88352168298 6.62878421519 314.475989376)
    (1980.0 9.89519834209 6.60875841791 314.497810473)
    (1985.0 9.90687500119 6.58873262062 314.519631571)
    (1990.0 9.9185516603 6.56870682334 314.541452669)
    (1995.0 9.93022831941 6.54868102606 314.563273766)
    (2000.0 9.94190497851 6.52865522877 314.585094864)
