             (0.0 292.396413542)
             (600.000058115 290.744590708)
             (1200.00011623 289.834046819)
             (1800.00010729 289.385893932)
             (2400.00023246 289.071443403)
             (3000.00023693 288.794774046)
             (3600.00022799 288.561316259)
             (4200.00000447 288.420584539)
             (4800.00046492 288.318116198)
             (5400.00045598 288.202132242)
             (6000.00046045 288.093713645)
             (6600.00046492 287.944346884)
             (7200.00045598 287.747165059)
             (7799.99999106 287.530397275)
             (8400.00000894 287.330608719)
             (9000.00091195 287.13666649)
             (9600.00091642 286.943442367)
             (10200.0009209 286.742132399)
             (10800.000912 286.512732562)
             (11400.0009164 286.273823203)
             (12000.0009209 286.069233796)
             (12600.000912 285.912097412)
             (13200.0009164 285.791985435)
             (13800.0009209 285.714571738)
             (14400.000912 285.664792894)
             (15000.0009164 285.60039161)
             (15599.9999955 285.486420082)
             (16200.0 285.322858281)
             (16800.0000045 285.136734489)
             (17399.9999955 284.953263209)
             (18000.0018373 284.794308089)
             (18600.0018284 284.673539946)
             (19200.0018328 284.589624547)
             (19800.0018239 284.538185827)
             (20400.0018284 284.505171115)
             (21000.0018328 284.476460893)
             (21600.0018239 284.439807936)
             (22200.0018418 284.396806147)
             (22800.0018328 284.353256704)
             (23400.0018373 284.315567342)
             (24000.0018284 284.285744492)
             (24600.0018328 284.260204753)
             (25200.0018239 284.231375953)
             (25800.0018284 284.189630316)
             (26400.0018328 284.116921825)
             (27000.0018239 284.006441296)
             (27600.0018418 283.898779209)
             (28200.0018328 283.80758201)
             (28800.0018373 283.719942353)
             (29400.0018284 283.627417593)
             (30000.0018328 283.527014233)
             (30600.0018239 283.420877036)
             (31200.0000045 283.315614954)
             (31799.9999955 283.21418858)
             (32400.0 283.11757955)
             (33000.0000045 283.022963124)
             (33599.9999955 282.92831927)
             (34200.0 282.833196166)
             (34799.9999911 282.736107278)
             (35400.0036567 282.641646495)
             (36000.0036612 282.548798761)
             (36600.0036657 282.457947433)
             (37200.0036702 282.369217505)
             (37800.0036612 282.292254816)
             (38400.0036657 282.233394479)
             (39000.0036567 282.19084606)
             (39600.0036612 282.164434774)
             (40200.0036657 282.154328556)
             (40800.0036567 282.155320854)
             (41400.0036612 282.16540297)
             (42000.0036657 282.187553649)
             (42600.0036702 282.221242513)
             (43200.0036612 282.270229139)
             (43800.0036657 282.332911914)
             (44400.0036567 282.405083089)
             (45000.0036612 282.48739648)
             (45600.0036657 282.577986036)
             (46200.0036567 282.66823568)
             (46800.0036612 282.7550683)
             (47400.0036657 282.837689863)
             (48000.0036702 282.907605058)
             (48600.0036612 283.18354617)
             (49200.0036657 283.818683492)
             (49800.0036567 284.594057456)
             (50400.0036612 285.415777927)
             (51000.0036657 286.277948612)
             (51600.0036567 287.125008965)
             (52200.0036612 287.8988493)
             (52800.0036657 288.619186664)
             (53400.0036702 289.234976359)
             (54000.0036612 289.777025538)
             (54600.0036657 290.298411515)
             (55200.0036567 290.77558155)
             (55800.0036612 291.212929071)
             (56400.0036657 291.637192571)
             (57000.0036567 292.021765362)
             (57600.0036612 292.387203182)
             (58200.0036657 292.767514171)
             (58800.0036702 293.138686769)
             (59400.0036612 293.504733909)
             (60000.0036657 293.86634781)
             (60600.0036567 294.209410255)
             (61200.0036612 294.548845013)
             (61799.9999911 294.89321631)
             (62400.0000089 295.217297002)
             (63000.0 295.531298745)
             (63600.0000045 295.841679928)
             (64199.9999955 296.139250629)
             (64800.0 296.434438835)
             (65400.0000045 296.729772025)
             (65999.9999955 297.018322069)
             (66600.0 297.305468012)
             (67199.9999911 297.591925403)
             (67800.0000089 297.871693965)
             (68400.0 298.139846473)
             (69000.0000045 298.38964973)
             (69599.9999955 298.620593321)
             (70200.0 298.828443578)
             (70800.0073269 299.01558493)
             (71400.007318 299.187950893)
             (72000.0073224 299.341633778)
             (72600.0073135 299.472958828)
             (73200.0073314 299.595761544)
             (73800.0073224 299.706692243)
             (74400.0073269 299.795015305)
             (75000.0073314 299.875646913)
             (75600.0073224 299.938841719)
             (76200.0073269 299.967904433)
             (76800.007318 299.986829615)
             (77400.0073224 299.989151236)
             (78000.0073135 299.957742401)
             (78600.0073314 299.922138743)
             (79200.0073224 299.868147467)
             (79800.0073269 299.770783033)
             (80400.0073314 299.664007148)
             (81000.0073224 299.532918672)
             (81600.0073269 299.345209851)
             (82200.007318 299.126573964)
             (82800.0073224 298.833057351)
             (83400.0073135 298.409527782)
             (84000.0073314 297.884312743)
             (84600.0073224 297.222598606)
             (85200.0073269 296.419178965)
             (85800.0073314 295.755023876)
             (86400.0 295.332621457)
             (87000.0000045 295.01799524)
             (87599.9999955 294.75387529)
             (88200.0 294.518508095)
             (88799.9999911 294.304726527)
             (89400.0000089 294.11066924)
             (90000.0 293.93418588)
             (90600.0000045 293.771838164)
             (91199.9999955 293.646185019)
             (91800.0 293.547381587)
             (92400.0000045 293.426073445)
             (92999.9999955 293.299946648)
             (93600.0 293.192838638)
             (94199.9999911 293.101054078)
             (94800.0000089 293.019555971)
             (95400.0 292.945879323)
             (96000.0000045 292.881409584)
             (96599.9999955 292.826748406)
             (97200.0 292.780678984)
             (97800.0000045 292.739176647)
             (98399.9999955 292.70027395)
             (99000.0 292.659867265)
             (99599.9999911 292.611340897)
             (100200.000009 292.553746211)
             (100800.0 292.48475268)
             (101400.000004 292.402906228)
             (101999.999996 292.30828283)
             (102600.0 292.204292016)
             (103200.000004 292.091001575)
             (103799.999996 291.970543285)
             (104400.0 291.845126263)
             (104999.999991 291.717078694)
             (105600.000009 291.589819232)
             (106200.0 291.464607835)
             (106800.000004 291.341806736)
             (107399.999996 291.222369855)
             (108000.0 291.106924348)
             (108600.000004 290.995783707)
             (109199.999996 290.88900277)
             (109800.0 290.785213759)
             (110399.999991 290.683549725)
             (111000.000009 290.580996941)
             (111600.0 290.477480024)
             (112200.000004 290.373456472)
             (112799.999996 290.268471927)
             (113400.0 290.166749096)
             (114000.000004 290.075722949)
             (114599.999996 289.982912992)
             (115200.0 289.88167974)
             (115799.999991 289.774635941)
             (116400.000009 289.663493568)
             (117000.0 289.550616144)
             (117600.000004 289.434171714)
             (118199.999996 289.315336534)
             (118800.0 289.191408171)
             (119400.000004 289.067340462)
             (119999.999996 288.946459939)
             (120600.0 288.828699168)
             (121199.999991 288.714215664)
             (121800.000009 288.60506861)
             (122400.0 288.4983169)
             (123000.000004 288.389250601)
             (123599.999996 288.275241568)
             (124200.0 288.156114592)
             (124800.000004 288.028425557)
             (125399.999996 287.898583124)
             (126000.0 287.768713947)
             (126599.999991 287.641089443)
             (127200.000009 287.521129093)
             (127800.0 287.411370395)
             (128400.000004 287.310539205)
             (128999.999996 287.220001833)
             (129600.0 287.137568045)
             (130200.000004 287.05850374)
             (130799.999996 286.982136244)
             (131400.0 286.90579091)
             (131999.999991 286.825930037)
             (132600.000009 286.743295419)
             (133200.0 286.657210946)
             (133800.000004 286.567032608)
             (134399.999996 286.478379478)
             (135000.0 286.551871297)
             (135600.000004 286.977652287)
             (136199.999996 287.645061657)
             (136800.0 288.375445994)
             (137399.999991 289.070023864)
             (138000.000009 289.713415068)
             (138600.0 290.348452684)
             (139200.000004 291.029656406)
             (139799.999996 291.682600921)
             (140400.0 292.290127107)
             (141000.000004 292.882412484)
             (141599.999996 293.451122665)
             (142200.0 294.01021271)
             (142799.999991 294.573337528)
             (143400.000009 295.123482986)
             (144000.0 295.67385507)
             (144600.000004 296.24749099)
             (145199.999996 296.82046755)
             (145800.0 297.393484043)
             (146400.000004 297.959313116)
             (146999.999996 298.483781754)
             (147600.0 298.95370975)
             (148199.999991 299.375648463)
             (148800.000009 299.761551302)
             (149400.0 300.133165859)
             (150000.000004 300.500933831)
             (150599.999996 300.863117707)
             (151200.0 301.220804965)
             (151800.000004 301.574579136)
             (152399.999996 301.918899449)
             (153000.0 302.253401628)
             (153599.999991 302.574478689)
             (154200.000009 302.878059601)
             (154800.0 303.159601236)
             (155400.000004 303.418288237)
             (155999.999996 303.652231626)
             (156600.0 303.860595976)
             (157200.000004 304.042074779)
             (157799.999996 304.198195155)
             (158400.0 304.334834699)
             (158999.999991 304.445753297)
             (159600.000009 304.541338176)
             (160200.0 304.618518868)
             (160800.000004 304.672346651)
             (161399.999996 304.715676214)
             (162000.0 304.745923987)
             (162600.000004 304.750649959)
             (163199.999996 304.747415666)
             (163800.0 304.729718648)
             (164399.999991 304.684855793)
             (165000.000009 304.63429695)
             (165600.0 304.569201645)
             (166200.000004 304.46952753)
             (166799.999996 304.361145255)
             (167400.0 304.221822373)
             (168000.000004 303.938888318)
             (168599.999996 303.476569923)
             (169200.0 302.894108052)
             (169799.999991 302.129561946)
             (170400.000009 301.320312547)
             (171000.0 300.398360347)
             (171600.000004 299.382999307)
             (172199.999996 298.568189593)
