             (0.0 -0.0)
             (600.000058115 0.0310054885935)
             (1200.00011623 0.0191250624087)
             (1800.00010729 0.0185449547731)
             (2400.00023246 0.0176203965169)
             (3000.00023693 0.0169524120702)
             (3600.00022799 0.0175819846602)
             (4200.00000447 0.0201933052789)
             (4800.00046492 0.0222231435387)
             (5400.00045598 0.0242241736137)
             (6000.00046045 0.0262918693864)
             (6600.00046492 0.0267728491242)
             (7200.00045598 0.0262143225598)
             (7799.99999106 0.0257023535493)
             (8400.00000894 0.0253774375535)
             (9000.00091195 0.0249356522126)
             (9600.00091642 0.024462610292)
             (10200.0009209 0.0234048201193)
             (10800.000912 0.0214752038998)
             (11400.0009164 0.0196199370379)
             (12000.0009209 0.0189160746371)
             (12600.000912 0.0192296750087)
             (13200.0009164 0.020129280303)
             (13800.0009209 0.0216085593492)
             (14400.000912 0.0230714326096)
             (15000.0009164 0.0237032535298)
             (15599.9999955 0.0230944393253)
             (16200.0 0.0215595254016)
             (16800.0000045 0.0197551111674)
             (17399.9999955 0.0182815013595)
             (18000.0018373 0.0176268702195)
             (18600.0018284 0.0179089266275)
             (19200.0018328 0.0188158720693)
             (19800.0018239 0.0200455386966)
             (20400.0018284 0.0212778589799)
             (21000.0018328 0.0223153501252)
             (21600.0018239 0.0230115873514)
             (22200.0018418 0.0235250341635)
             (22800.0018328 0.0240131731601)
             (23400.0018373 0.0246011736538)
             (24000.0018284 0.0252853414632)
             (24600.0018328 0.0259600830624)
             (25200.0018239 0.026508805194)
             (25800.0018284 0.0267398659337)
             (26400.0018328 0.0263537501801)
             (27000.0018239 0.0255065676396)
             (27600.0018418 0.0249376290373)
             (28200.0018328 0.0245972899025)
             (28800.0018373 0.0242292108339)
             (29400.0018284 0.0237443859086)
             (30000.0018328 0.0231363345449)
             (30600.0018239 0.0224790176941)
             (31200.0000045 0.021902443409)
             (31799.9999955 0.0213844115827)
             (32400.0 0.0209388168987)
             (33000.0000045 0.0205440003914)
             (33599.9999955 0.0201010219494)
             (34200.0 0.0196497861019)
             (34799.9999911 0.0191722759211)
             (35400.0036567 0.0187289799152)
             (36000.0036612 0.0182571232216)
             (36600.0036657 0.0176833018683)
             (37200.0036702 0.0171098423342)
             (37800.0036612 0.0166715952849)
             (38400.0036657 0.0163612526114)
             (39000.0036567 0.0162507500021)
             (39600.0036612 0.0163042956684)
             (40200.0036657 0.0164279846723)
             (40800.0036567 0.0166883247364)
             (41400.0036612 0.0170046172373)
             (42000.0036657 0.0173277142721)
             (42600.0036702 0.0178563131643)
             (43200.0036612 0.0185163019693)
             (43800.0036657 0.019144262565)
             (44400.0036567 0.0199202129557)
             (45000.0036612 0.0207776335288)
             (45600.0036657 0.0215957473349)
             (46200.0036567 0.0224660253822)
             (46800.0036612 0.0231955546414)
             (47400.0036657 0.0236714163293)
             (48000.0036702 0.0240109841529)
             (48600.0036612 0.02127600527)
             (49200.0036657 0.0155670592131)
             (49800.0036567 0.0118906901809)
             (50400.0036612 0.00745001021493)
             (51000.0036657 -0.00178920441974)
             (51600.0036567 -0.00711355301942)
             (52200.0036612 -0.0136224295222)
             (52800.0036657 -0.0257759152702)
             (53400.0036702 -0.0343545966968)
             (54000.0036612 -0.0438820932467)
             (54600.0036657 -0.0583439727887)
             (55200.0036567 -0.068427825747)
             (55800.0036612 -0.0788478587242)
             (56400.0036657 -0.0934519495141)
             (57000.0036567 -0.10375920582)
             (57600.0036612 -0.113897296853)
             (58200.0036657 -0.127077732777)
             (58800.0036702 -0.135952886509)
             (59400.0036612 -0.144347318182)
             (60000.0036657 -0.155289754287)
             (60600.0036567 -0.162616799563)
             (61200.0036612 -0.169352583934)
             (61799.9999911 -0.17767727526)
             (62400.0000089 -0.183032413547)
             (63000.0 -0.187912616351)
             (63600.0000045 -0.193264417637)
             (64199.9999955 -0.196445050482)
             (64800.0 -0.19891038599)
             (65400.0000045 -0.2013732856)
             (65999.9999955 -0.202175549859)
             (66600.0 -0.202251896522)
             (67199.9999911 -0.201587859826)
             (67800.0000089 -0.200121071633)
             (68400.0 -0.198113816472)
             (69000.0000045 -0.19482261808)
             (69599.9999955 -0.19178625292)
             (70200.0 -0.188202967492)
             (70800.0073269 -0.182500650223)
             (71400.007318 -0.177550308939)
             (72000.0073224 -0.172147572057)
             (72600.0073135 -0.163827884176)
             (73200.0073314 -0.156940412766)
             (73800.0073224 -0.149408643993)
             (74400.0073269 -0.138335927302)
             (75000.0073314 -0.129512466639)
             (75600.0073224 -0.120209593353)
             (76200.0073269 -0.106966954011)
             (76800.007318 -0.0967149411422)
             (77400.0073224 -0.0860762421513)
             (78000.0073135 -0.0711698134735)
             (78600.0073314 -0.0599042724893)
             (79200.0073224 -0.0484962355092)
             (79800.0073269 -0.032901460757)
             (80400.0073314 -0.0216878042692)
             (81000.0073224 -0.0107468625725)
             (81600.0073269 0.00371653686505)
             (82200.007318 0.0127165089576)
             (82800.0073224 0.0204118809875)
             (83400.0073135 0.0299638592029)
             (84000.0073314 0.0332716399572)
             (84600.0073224 0.033732802841)
             (85200.0073269 0.0326215013371)
             (85800.0073314 0.0272064007688)
             (86400.0 0.02421134196)
             (87000.0000045 0.0226699545818)
             (87599.9999955 0.0216312416775)
             (88200.0 0.0209510174272)
             (88799.9999911 0.0205941941076)
             (89400.0000089 0.0204660875109)
             (90000.0 0.0205578592783)
             (90600.0000045 0.0209538941371)
             (91199.9999955 0.0219251250256)
             (91800.0 0.0230234695099)
             (92400.0000045 0.0236886870057)
             (92999.9999955 0.024302103118)
             (93600.0 0.0251773768641)
             (94199.9999911 0.026284760898)
             (94800.0000089 0.0273736748277)
             (95400.0 0.028515085167)
             (96000.0000045 0.0298403252462)
             (96599.9999955 0.0311786892196)
             (97200.0 0.032580809409)
             (97800.0000045 0.0340552165062)
             (98399.9999955 0.0353901904396)
             (99000.0 0.0366028821945)
             (99599.9999911 0.0376271149176)
             (100200.000009 0.0383735666266)
             (100800.0 0.0388719735804)
             (101400.000004 0.0391287980139)
             (101999.999996 0.0391084881304)
             (102600.0 0.0388943291619)
             (103200.000004 0.0384667113114)
             (103799.999996 0.0378310156193)
             (104400.0 0.0370446691036)
             (104999.999991 0.0361374106175)
             (105600.000009 0.0351948266987)
             (106200.0 0.0342462331809)
             (106800.000004 0.0332743254771)
             (107399.999996 0.032369291199)
             (108000.0 0.0315244842085)
             (108600.000004 0.0307392930902)
             (109199.999996 0.0300587862453)
             (109800.0 0.0294281673478)
             (110399.999991 0.0288096963559)
             (111000.000009 0.0281870261996)
             (111600.0 0.0275476723832)
             (112200.000004 0.0268877161414)
             (112799.999996 0.0261768492652)
             (113400.0 0.0254966409287)
             (114000.000004 0.0249525646611)
             (114599.999996 0.0243306122127)
             (115200.0 0.023578499032)
             (115799.999991 0.02277283539)
             (116400.000009 0.0219255602585)
             (117000.0 0.0210091917804)
             (117600.000004 0.0200539988166)
             (118199.999996 0.0190330865776)
             (118800.0 0.0179139039719)
             (119400.000004 0.0167940803078)
             (119999.999996 0.0157894295338)
             (120600.0 0.0149131999218)
             (121199.999991 0.0141552844171)
             (121800.000009 0.0134676560257)
             (122400.0 0.0128373480701)
             (123000.000004 0.0122523362151)
             (123599.999996 0.0116463184704)
             (124200.0 0.0110735743385)
             (124800.000004 0.010494019487)
             (125399.999996 0.00992973631969)
             (126000.0 0.00941550586081)
             (126599.999991 0.00901642189408)
             (127200.000009 0.00874173218641)
             (127800.0 0.00860379670424)
             (128400.000004 0.00860714629168)
             (128999.999996 0.00867049127715)
             (129600.0 0.00878302497516)
             (130200.000004 0.00892864502077)
             (130799.999996 0.00903913306719)
             (131400.0 0.00912820697001)
             (131999.999991 0.00921919455029)
             (132600.000009 0.00924452900992)
             (133200.0 0.00926238770967)
             (133800.000004 0.00931274650425)
             (134399.999996 0.00936255141518)
             (135000.0 0.00800488396886)
             (135600.000004 0.00411971240243)
             (136199.999996 0.000243508621986)
             (136800.0 -0.00472498043445)
             (137399.999991 -0.0150725899644)
             (138000.000009 -0.0223197772316)
             (138600.0 -0.0298955571742)
             (139200.000004 -0.041523209391)
             (139799.999996 -0.0490727122467)
             (140400.0 -0.0569535360851)
             (141000.000004 -0.0689669605065)
             (141599.999996 -0.0765922641369)
             (142200.0 -0.0841123070191)
             (142799.999991 -0.095226370266)
             (143400.000009 -0.102301132944)
             (144000.0 -0.109133301777)
             (144600.000004 -0.118692076353)
             (145199.999996 -0.12442298569)
             (145800.0 -0.129731311556)
             (146400.000004 -0.137368638592)
             (146999.999996 -0.141819378046)
             (147600.0 -0.146236249712)
             (148199.999991 -0.152666660427)
             (148800.000009 -0.156518606163)
             (149400.0 -0.159934290518)
             (150000.000004 -0.164129715414)
             (150599.999996 -0.166197685481)
             (151200.0 -0.167709640634)
             (151800.000004 -0.169364709697)
             (152399.999996 -0.169628717947)
             (153000.0 -0.169341877555)
             (153599.999991 -0.168552131557)
             (154200.000009 -0.167065962187)
             (154800.0 -0.165124284017)
             (155400.000004 -0.161923880038)
             (155999.999996 -0.15880429138)
             (156600.0 -0.155125748376)
             (157200.000004 -0.149649899518)
             (157799.999996 -0.144912079286)
             (158400.0 -0.139602374766)
             (158999.999991 -0.131610494196)
             (159600.000009 -0.125095512031)
             (160200.0 -0.118087643541)
             (160800.000004 -0.107854946896)
             (161399.999996 -0.0997947148606)
             (162000.0 -0.0913029432904)
             (162600.000004 -0.079268258894)
             (163199.999996 -0.070026357039)
             (163800.0 -0.060530345604)
             (164399.999991 -0.0474081044465)
             (165000.000009 -0.0376375455304)
             (165600.0 -0.0279036504624)
             (166200.000004 -0.015117424205)
             (166799.999996 -0.00640964601253)
             (167400.0 0.000774561420251)
             (168000.000004 0.00586407415747)
             (168599.999996 0.00592250636637)
             (169200.0 0.00612738472116)
             (169799.999991 0.00650257414205)
             (170400.000009 0.00892671800759)
             (171000.0 0.0109884671061)
             (171600.000004 0.010984154656)
             (172199.999996 0.0120301600668)
