             (0.0 282.532867432)
             (600.000058115 281.278015137)
             (1200.00011623 280.477600098)
             (1800.00010729 280.201690674)
             (2400.00023246 279.904602051)
             (3000.00023693 279.667236328)
             (3600.00022799 279.478546143)
             (4200.00000447 279.351776123)
             (4800.00046492 279.233825684)
             (5400.00045598 279.119171143)
             (6000.00046045 279.015045166)
             (6600.00046492 278.852233887)
             (7200.00045598 278.644958496)
             (7799.99999106 278.434204102)
             (8400.00000894 278.248626709)
             (9000.00091195 278.06362915)
             (9600.00091642 277.878875732)
             (10200.0009209 277.677978516)
             (10800.000912 277.438201904)
             (11400.0009164 277.198303223)
             (12000.0009209 277.017944336)
             (12600.000912 276.891937256)
             (13200.0009164 276.800537109)
             (13800.0009209 276.746582031)
             (14400.000912 276.703125)
             (15000.0009164 276.629333496)
             (15599.9999955 276.495269775)
             (16200.0 276.311676025)
             (16800.0000045 276.10848999)
             (17399.9999955 275.9168396)
             (18000.0018373 275.765716553)
             (18600.0018284 275.664428711)
             (19200.0018328 275.600494385)
             (19800.0018239 275.560852051)
             (20400.0018284 275.529571533)
             (21000.0018328 275.49420166)
             (21600.0018239 275.445159912)
             (22200.0018418 275.391357422)
             (22800.0018328 275.337432861)
             (23400.0018373 275.290466309)
             (24000.0018284 275.251708984)
             (24600.0018328 275.21383667)
             (25200.0018239 275.17175293)
             (25800.0018284 275.115783691)
             (26400.0018328 275.029327393)
             (27000.0018239 274.917755127)
             (27600.0018418 274.818389893)
             (28200.0018328 274.731689453)
             (28800.0018373 274.643798828)
             (29400.0018284 274.548461914)
             (30000.0018328 274.446258545)
             (30600.0018239 274.340179443)
             (31200.0000045 274.23727417)
             (31799.9999955 274.138763428)
             (32400.0 274.045257568)
             (33000.0000045 273.955535889)
             (33599.9999955 273.864074707)
             (34200.0 273.772369385)
             (34799.9999911 273.679840088)
             (35400.0036567 273.591247559)
             (36000.0036612 273.504730225)
             (36600.0036657 273.420593262)
             (37200.0036702 273.338165283)
             (37800.0036612 273.269165039)
             (38400.0036657 273.225402832)
             (39000.0036567 273.193450928)
             (39600.0036612 273.177185059)
             (40200.0036657 273.185028076)
             (40800.0036567 273.194366455)
             (41400.0036612 273.211303711)
             (42000.0036657 273.246917725)
             (42600.0036702 273.281646729)
             (43200.0036612 273.32699585)
             (43800.0036657 273.389190674)
             (44400.0036567 273.447937012)
             (45000.0036612 273.514434814)
             (45600.0036657 273.594787598)
             (46200.0036567 273.666564941)
             (46800.0036612 273.73324585)
             (47400.0036657 273.802124023)
             (48000.0036702 273.852416992)
             (48600.0036612 274.368438721)
             (49200.0036657 275.44329834)
             (49800.0036567 276.431549072)
             (50400.0036612 277.434112549)
             (51000.0036657 278.592559814)
             (51600.0036567 279.555908203)
             (52200.0036612 280.460113525)
             (52800.0036657 281.434356689)
             (53400.0036702 282.197570801)
             (54000.0036612 282.900939941)
             (54600.0036657 283.682983398)
             (55200.0036567 284.321411133)
             (55800.0036612 284.936553955)
             (56400.0036657 285.635528564)
             (57000.0036567 286.215240479)
             (57600.0036612 286.778625488)
             (58200.0036657 287.423858643)
             (58800.0036702 287.976074219)
             (59400.0036612 288.515075684)
             (60000.0036657 289.097900391)
             (60600.0036567 289.587768555)
             (61200.0036612 290.065002441)
             (61799.9999911 290.582336426)
             (62400.0000089 291.017852783)
             (63000.0 291.437744141)
             (63600.0000045 291.867156982)
             (64199.9999955 292.239227295)
             (64800.0 292.592773438)
             (65400.0000045 292.944946289)
             (65999.9999955 293.252319336)
             (66600.0 293.538238525)
             (67199.9999911 293.801544189)
             (67800.0000089 294.03302002)
             (68400.0 294.235656738)
             (69000.0000045 294.386810303)
             (69599.9999955 294.514678955)
             (70200.0 294.612518311)
             (70800.0073269 294.657592773)
             (71400.007318 294.699829102)
             (72000.0073224 294.706481934)
             (72600.0073135 294.634735107)
             (73200.0073314 294.591308594)
             (73800.0073224 294.528625488)
             (74400.0073269 294.374603271)
             (75000.0073314 294.259002686)
             (75600.0073224 294.115142822)
             (76200.0073269 293.857421875)
             (76800.007318 293.652832031)
             (77400.0073224 293.422943115)
             (78000.0073135 293.06628418)
             (78600.0073314 292.782196045)
             (79200.0073224 292.474456787)
             (79800.0073269 292.027252197)
             (80400.0073314 291.664672852)
             (81000.0073224 291.277252197)
             (81600.0073269 290.730987549)
             (82200.007318 290.259796143)
             (82800.0073224 289.712982178)
             (83400.0073135 288.924468994)
             (84000.0073314 288.167419434)
             (84600.0073224 287.30166626)
             (85200.0073269 286.26675415)
             (85800.0073314 285.682373047)
             (86400.0 285.353546143)
             (87000.0000045 285.095458984)
             (87599.9999955 284.875549316)
             (88200.0 284.675689697)
             (88799.9999911 284.485992432)
             (89400.0000089 284.319549561)
             (90000.0 284.16696167)
             (90600.0000045 284.023925781)
             (91199.9999955 283.919952393)
             (91800.0 283.827728271)
             (92400.0000045 283.713134766)
             (92999.9999955 283.602966309)
             (93600.0 283.507324219)
             (94199.9999911 283.416259766)
             (94800.0000089 283.335845947)
             (95400.0 283.262145996)
             (96000.0000045 283.193389893)
             (96599.9999955 283.13961792)
             (97200.0 283.09552002)
             (97800.0000045 283.054504395)
             (98399.9999955 283.020202637)
             (99000.0 282.985717773)
             (99599.9999911 282.943450928)
             (100200.000009 282.896728516)
             (100800.0 282.842224121)
             (101400.000004 282.777374268)
             (101999.999996 282.704071045)
             (102600.0 282.623291016)
             (103200.000004 282.53414917)
             (103799.999996 282.438842773)
             (104400.0 282.337982178)
             (104999.999991 282.234619141)
             (105600.000009 282.130493164)
             (106200.0 282.027038574)
             (106800.000004 281.925476074)
             (107399.999996 281.825378418)
             (108000.0 281.727966309)
             (108600.000004 281.634155273)
             (109199.999996 281.54296875)
             (109800.0 281.454040527)
             (110399.999991 281.366271973)
             (111000.000009 281.2762146)
             (111600.0 281.18460083)
             (112200.000004 281.091888428)
             (112799.999996 280.995941162)
             (113400.0 280.899902344)
             (114000.000004 280.810241699)
             (114599.999996 280.718963623)
             (115200.0 280.621917725)
             (115799.999991 280.518890381)
             (116400.000009 280.412994385)
             (117000.0 280.303009033)
             (117600.000004 280.18661499)
             (118199.999996 280.072357178)
             (118800.0 279.951751709)
             (119400.000004 279.827575684)
             (119999.999996 279.713470459)
             (120600.0 279.604980469)
             (121199.999991 279.497894287)
             (121800.000009 279.397399902)
             (122400.0 279.299591064)
             (123000.000004 279.197753906)
             (123599.999996 279.097015381)
             (124200.0 278.995605469)
             (124800.000004 278.884368896)
             (125399.999996 278.774383545)
             (126000.0 278.663574219)
             (126599.999991 278.55166626)
             (127200.000009 278.452819824)
             (127800.0 278.363006592)
             (128400.000004 278.27633667)
             (128999.999996 278.201080322)
             (129600.0 278.130249023)
             (130200.000004 278.054443359)
             (130799.999996 277.983337402)
             (131400.0 277.909637451)
             (131999.999991 277.826171875)
             (132600.000009 277.743591309)
             (133200.0 277.658050537)
             (133800.000004 277.562591553)
             (134399.999996 277.476715088)
             (135000.0 277.78036499)
             (135600.000004 278.594665527)
             (136199.999996 279.510986328)
             (136800.0 280.448242188)
             (137399.999991 281.527099609)
             (138000.000009 282.408813477)
             (138600.0 283.287475586)
             (139200.000004 284.346038818)
             (139799.999996 285.226257324)
             (140400.0 286.075439453)
             (141000.000004 287.048614502)
             (141599.999996 287.870941162)
             (142200.0 288.6746521)
             (142799.999991 289.582763672)
             (143400.000009 290.341003418)
             (144000.0 291.086151123)
             (144600.000004 291.939086914)
             (145199.999996 292.667816162)
             (145800.0 293.376220703)
             (146400.000004 294.133605957)
             (146999.999996 294.753173828)
             (147600.0 295.325164795)
             (148199.999991 295.919250488)
             (148800.000009 296.418365479)
             (149400.0 296.898406982)
             (150000.000004 297.397888184)
             (150599.999996 297.828857422)
             (151200.0 298.232330322)
             (151800.000004 298.626922607)
             (152399.999996 298.961914062)
             (153000.0 299.260253906)
             (153599.999991 299.520141602)
             (154200.000009 299.738494873)
             (154800.0 299.917785645)
             (155400.000004 300.037322998)
             (155999.999996 300.136138916)
             (156600.0 300.195281982)
             (157200.000004 300.182525635)
             (157799.999996 300.171936035)
             (158400.0 300.135406494)
             (158999.999991 300.009246826)
             (159600.000009 299.914093018)
             (160200.0 299.794158936)
             (160800.000004 299.566223145)
             (161399.999996 299.38772583)
             (162000.0 299.184020996)
             (162600.000004 298.84942627)
             (163199.999996 298.583221436)
             (163800.0 298.29019165)
             (164399.999991 297.84576416)
             (165000.000009 297.487915039)
             (165600.0 297.09954834)
             (166200.000004 296.531555176)
             (166799.999996 296.067352295)
             (167400.0 295.574645996)
             (168000.000004 294.823150635)
             (168599.999996 294.028381348)
             (169200.0 292.986663818)
             (169799.999991 291.423980713)
             (170400.000009 290.197479248)
             (171000.0 289.026794434)
             (171600.000004 287.744049072)
             (172199.999996 287.408752441)
