    (0.0 0.0 0.0 283.018705564)
    (5.0 1.75997771975 1.92637767975 282.560499382)
    (10.0 2.46676034013 2.72618838684 283.252525901)
    (15.0 2.95407446679 3.3273188426 283.759941564)
    (20.0 3.30034484861 3.76991897942 284.206850478)
    (25.0 3.73132604213 4.35579595221 284.649334378)
    (30.0 3.95666000095 4.67868262431 285.031802326)
    (35.0 4.29430764124 5.19699383759 285.397687389)
    (40.0 4.48066367356 5.49727214193 285.7518847)
    (45.0 4.72061267785 5.92067643805 286.083005503)
    (50.0 4.92052745597 6.28694758574 286.424242254)
    (55.0 5.05717805774 6.56462397551 286.763421317)
    (60.0 5.28709904825 7.05116468991 287.038824145)
    (65.0 5.36794684161 7.24016375326 287.353886679)
    (70.0 5.49822434324 7.5724237326 287.612925807)
    (75.0 5.64675718282 7.9629697123 287.839951733)
    (80.0 5.70040125537 8.12251196618 288.10159077)
    (85.0 5.79551122605 8.43505091553 288.30685725)
    (90.0 5.90440651975 8.80285959421 288.487325175)
    (95.0 5.94077797728 8.95000286514 288.701574109)
    (100.0 5.99315819426 9.17613844817 288.887892445)
    (105.0 6.06706109327 9.50856177774 289.036683637)
    (110.0 6.1145058176 9.74299544588 289.184231523)
    (115.0 6.14962750039 9.93184146323 289.331214084)
    (120.0 6.19750605429 10.2107122682 289.448708703)
    (125.0 6.2476960395 10.5059370491 289.560842972)
    (130.0 6.26691582477 10.6390118628 289.69995925)
    (135.0 6.28364085256 10.7590249317 289.841249023)
    (140.0 6.3156709139 11.0131609313 289.942294547)
    (145.0 6.34929721748 11.2814650171 290.039098886)
    (150.0 6.36651867166 11.4286859431 290.141912455)
    (155.0 6.37898303841 11.5407951064 290.246468584)
    (160.0 6.39622833471 11.7002987164 290.338140746)
    (165.0 6.4174344259 11.8993124237 290.419074683)
    (170.0 6.43856772696 12.0961064103 290.498478444)
    (175.0 6.45939809119 12.2844235607 290.572017333)
    (180.0 6.48022845541 12.4727407111 290.645556222)
    (185.0 6.50015752581 12.6464615761 290.722515898)
    (190.0 6.51976499379 12.8151822023 290.800633894)
    (195.0 6.53968272055 12.9798257517 290.878616344)
    (200.0 6.56121496432 13.1226942981 290.955856233)
    (205.0 6.58274720809 13.2655628446 291.033096123)
    (210.0 6.60825269052 13.4036172841 291.106030363)
    (215.0 6.63870236161 13.5357669159 291.173604308)
    (220.0 6.6691520327 13.6679165477 291.241178253)
    (225.0 6.6982915267 13.7689330615 291.309283824)
    (230.0 6.72654982733 13.8492319607 291.377747793)
    (235.0 6.75480812796 13.9295308599 291.446211762)
    (240.0 6.7847949836 13.9959300101 291.51167409)
    (245.0 6.81590209421 14.0533041946 291.575193428)
    (250.0 6.84700920483 14.1106783792 291.638712767)
    (255.0 6.87631701191 14.1584444627 291.699875121)
    (260.0 6.90351670579 14.1950602816 291.758290882)
    (265.0 6.93071639968 14.2316761004 291.816706643)
    (270.0 6.95786566805 14.267078035 291.875120016)
    (275.0 6.98475384921 14.296490325 291.933515734)
    (280.0 7.01164203036 14.325902615 291.991911453)
    (285.0 7.03853021151 14.355314905 292.050307171)
    (290.0 7.06474567771 14.3811168856 292.109866467)
    (295.0 7.09066900768 14.4054212019 292.169901922)
    (300.0 7.11659233764 14.4297255182 292.229937376)
    (305.0 7.14244820626 14.4537865415 292.289857696)
    (310.0 7.16734538188 14.4743901275 292.348141827)
    (315.0 7.1922425575 14.4949937135 292.406425957)
    (320.0 7.21713973312 14.5155972995 292.464710088)
    (325.0 7.24178411043 14.5356451064 292.523674955)
    (330.0 7.26564387296 14.5539615715 292.584734603)
    (335.0 7.28950363549 14.5722780365 292.645794251)
    (340.0 7.31336339803 14.5905945016 292.706853899)
    (345.0 7.33713847356 14.6086473791 292.767232915)
    (350.0 7.36065077245 14.6258823664 292.825499986)
    (355.0 7.38416307135 14.6431173537 292.883767056)
    (360.0 7.40767537024 14.6603523411 292.942034127)
    (365.0 7.43118387014 14.6775867035 293.000320473)
    (370.0 7.4546184328 14.6945018863 293.059274587)
    (375.0 7.47805299546 14.711417069 293.118228701)
    (380.0 7.50148755812 14.7283322518 293.177182815)
    (385.0 7.52492212079 14.7452474346 293.236136929)
    (390.0 7.54857608301 14.7616953194 293.295078603)
    (395.0 7.57236607457 14.7778444279 293.354011801)
    (400.0 7.59615606613 14.7939935364 293.412945)
    (405.0 7.61994605769 14.8101426449 293.471878198)
    (410.0 7.64373604925 14.8262917534 293.530811397)
    (415.0 7.66817118314 14.8409878137 293.587410741)
    (420.0 7.69262280884 14.8556437981 293.643961767)
    (425.0 7.71707443454 14.8702997825 293.700512794)
    (430.0 7.74152606024 14.8849557668 293.75706382)
    (435.0 7.76597219138 14.8993139318 293.813230125)
    (440.0 7.79042345891 14.9110837312 293.86628787)
    (445.0 7.81487472643 14.9228535305 293.919345615)
    (450.0 7.83932599395 14.9346233299 293.97240336)
    (455.0 7.86377726148 14.9463931292 294.025461105)
    (460.0 7.8882278351 14.9581673862 294.078516299)
    (465.0 7.9113118643 14.9655807632 294.130531527)
    (470.0 7.93439641652 14.9729622375 294.182545542)
    (475.0 7.95748096873 14.9803437117 294.234559558)
    (480.0 7.98056552095 14.987725186 294.286573574)
    (485.0 8.00365007316 14.9951066602 294.338587589)
    (490.0 8.0259084714 14.9997675384 294.389852901)
    (495.0 8.04736573429 15.001680731 294.4403757)
    (500.0 8.06882299718 15.0035939235 294.4908985)
    (505.0 8.09028026008 15.005507116 294.541421299)
    (510.0 8.11173752297 15.0074203086 294.591944098)
    (515.0 8.13319478586 15.0093335011 294.642466898)
    (520.0 8.15367288046 15.0075045969 294.691532936)
    (525.0 8.17301250906 15.0011978064 294.738884586)
    (530.0 8.19235213765 14.9948910159 294.786236236)
    (535.0 8.21169176625 14.9885842254 294.833587887)
    (540.0 8.23103139485 14.9822774348 294.880939537)
    (545.0 8.25037102345 14.9759706443 294.928291187)
    (550.0 8.26971065204 14.9696638538 294.975642837)
    (555.0 8.28758060381 14.9542155266 295.0206946)
    (560.0 8.30511726662 14.9366082982 295.065217979)
    (565.0 8.32265392944 14.9190010698 295.109741357)
    (570.0 8.34019059225 14.9013938414 295.154264735)
    (575.0 8.35772725506 14.883786613 295.198788113)
    (580.0 8.37526391788 14.8661793845 295.243311492)
    (585.0 8.39280058069 14.8485721561 295.28783487)
    (590.0 8.40933376023 14.8237390745 295.331136314)
    (595.0 8.42488123634 14.7916181406 295.373213658)
    (600.0 8.44042871246 14.7594972068 295.415291002)
    (605.0 8.45597618858 14.727376273 295.457368346)
    (610.0 8.4715236647 14.6952553391 295.49944569)
    (615.0 8.48707114082 14.6631344053 295.541523034)
    (620.0 8.50261861694 14.6310134714 295.583600378)
    (625.0 8.51816609306 14.5988925376 295.625677722)
    (630.0 8.53258829267 14.5586675355 295.668995361)
    (635.0 8.54570879851 14.5088250256 295.713755707)
    (640.0 8.55882930434 14.4589825157 295.758516052)
    (645.0 8.57194981017 14.4091400059 295.803276398)
    (650.0 8.58507031601 14.359297496 295.848036744)
    (655.0 8.59819082184 14.3094549861 295.892797089)
    (660.0 8.61131132767 14.2596124762 295.937557435)
    (665.0 8.62443183351 14.2097699663 295.982317781)
    (670.0 8.63755233934 14.1599274564 296.027078126)
    (675.0 8.64777297524 14.1000833879 296.072168919)
    (680.0 8.65624168715 14.0341388907 296.117480774)
    (685.0 8.66471039906 13.9681943935 296.162792628)
    (690.0 8.67317911098 13.9022498963 296.208104483)
    (695.0 8.68164782289 13.8363053991 296.253416338)
    (700.0 8.6901165348 13.7703609018 296.298728193)
    (705.0 8.69858524672 13.7044164046 296.344040047)
    (710.0 8.70705395863 13.6384719074 296.389351902)
    (715.0 8.71552267054 13.5725274102 296.434663757)
    (720.0 8.72399138246 13.506582913 296.479975612)
    (725.0 8.72413558568 13.4308949163 296.532767943)
    (730.0 8.72330890195 13.3540788619 296.586428918)
    (735.0 8.72248221823 13.2772628076 296.640089893)
    (740.0 8.72165553451 13.2004467532 296.693750868)
    (745.0 8.72082885078 13.1236306988 296.747411843)
    (750.0 8.72000216706 13.0468146444 296.801072818)
    (755.0 8.71917548333 12.96999859 296.854733793)
    (760.0 8.71834879961 12.8931825356 296.908394768)
    (765.0 8.71752211588 12.8163664813 296.962055743)
    (770.0 8.71669543216 12.7395504269 297.015716718)
    (775.0 8.71403364588 12.6620556692 297.068313457)
    (780.0 8.7038124536 12.5819813555 297.116870341)
    (785.0 8.69359126133 12.5019070419 297.165427225)
    (790.0 8.68337006906 12.4218327282 297.213984109)
    (795.0 8.67314887679 12.3417584145 297.262540993)
    (800.0 8.66292768452 12.2616841009 297.311097876)
    (805.0 8.65270649225 12.1816097872 297.35965476)
    (810.0 8.64248529998 12.1015354736 297.408211644)
    (815.0 8.63226410771 12.0214611599 297.456768528)
    (820.0 8.62204291544 11.9413868462 297.505325412)
    (825.0 8.61182172317 11.8613125326 297.553882295)
    (830.0 8.6016005309 11.7812382189 297.602439179)
    (835.0 8.58942439136 11.703084795 297.658941785)
    (840.0 8.57460044345 11.6274760702 297.725899506)
    (845.0 8.55977649553 11.5518673455 297.792857228)
    (850.0 8.54495254761 11.4762586207 297.859814949)
    (855.0 8.53012859969 11.4006498959 297.926772671)
    (860.0 8.51530465177 11.3250411712 297.993730393)
    (865.0 8.50048070385 11.2494324464 298.060688114)
    (870.0 8.48565675594 11.1738237216 298.127645836)
    (875.0 8.47083280802 11.0982149969 298.194603558)
    (880.0 8.4560088601 11.0226062721 298.261561279)
    (885.0 8.44118491218 10.9469975473 298.328519001)
    (890.0 8.42636096426 10.8713888226 298.395476723)
    (895.0 8.41153701634 10.7957800978 298.462434444)
    (900.0 8.40126538236 10.7223823689 298.528982815)
    (905.0 8.39589310595 10.6513180234 298.595262854)
    (910.0 8.39052082953 10.5802536779 298.661542892)
    (915.0 8.38514855311 10.5091893324 298.727822931)
    (920.0 8.37977627669 10.4381249869 298.794102969)
    (925.0 8.37440400027 10.3670606414 298.860383008)
    (930.0 8.36903172386 10.2959962959 298.926663046)
    (935.0 8.36365944744 10.2249319503 298.992943085)
    (940.0 8.35828717102 10.1538676048 299.059223123)
    (945.0 8.3529148946 10.0828032593 299.125503162)
    (950.0 8.34754261818 10.0117389138 299.1917832)
    (955.0 8.34217034176 9.94067456833 299.258063239)
    (960.0 8.33679806535 9.86961022282 299.324343277)
    (965.0 8.33142578893 9.79854587732 299.390623315)
    (970.0 8.32922648768 9.72934470363 299.452901127)
    (975.0 8.33744912724 9.66574820151 299.502682643)
    (980.0 8.34567176679 9.60215169938 299.552464158)
    (985.0 8.35389440634 9.53855519726 299.602245674)
    (990.0 8.36211704589 9.47495869514 299.652027189)
    (995.0 8.37033968545 9.41136219301 299.701808704)
    (1000.0 8.378562325 9.34776569089 299.75159022)
    (1005.0 8.38678496455 9.28416918877 299.801371735)
    (1010.0 8.3950076041 9.22057268664 299.851153251)
    (1015.0 8.40323024366 9.15697618452 299.900934766)
    (1020.0 8.41145288321 9.0933796824 299.950716282)
    (1025.0 8.41967552276 9.02978318027 300.000497797)
    (1030.0 8.42789816231 8.96618667815 300.050279313)
    (1035.0 8.43612080186 8.90259017603 300.100060828)
    (1040.0 8.44434344142 8.8389936739 300.149842343)
    (1045.0 8.45256608097 8.77539717178 300.199623859)
    (1050.0 8.46226600383 8.72140177804 300.243407071)
    (1055.0 8.47326775183 8.6742922229 300.282670256)
    (1060.0 8.48426949983 8.62718266775 300.321933441)
    (1065.0 8.49527124784 8.5800731126 300.361196626)
    (1070.0 8.50627299584 8.53296355746 300.400459811)
    (1075.0 8.51727474384 8.48585400231 300.439722996)
    (1080.0 8.52827649184 8.43874444717 300.478986181)
    (1085.0 8.53927823985 8.39163489202 300.518249366)
    (1090.0 8.55027998785 8.34452533687 300.557512551)
    (1095.0 8.56128173585 8.29741578173 300.596775736)
    (1100.0 8.57228348386 8.25030622658 300.636038921)
    (1105.0 8.58328523186 8.20319667144 300.675302106)
    (1110.0 8.59428697986 8.15608711629 300.714565291)
    (1115.0 8.60528872786 8.10897756114 300.753828476)
    (1120.0 8.61629047587 8.061868006 300.793091662)
    (1125.0 8.62729222387 8.01475845085 300.832354847)
    (1130.0 8.63829397187 7.96764889571 300.871618032)
    (1135.0 8.64757532675 7.92727580426 300.908011734)
    (1140.0 8.65384701947 7.89936817471 300.938715638)
    (1145.0 8.66011871218 7.87146054517 300.969419542)
    (1150.0 8.66639040489 7.84355291562 301.000123446)
    (1155.0 8.6726620976 7.81564528607 301.030827349)
    (1160.0 8.67893379032 7.78773765652 301.061531253)
    (1165.0 8.68520548303 7.75983002698 301.092235157)
    (1170.0 8.69147717574 7.73192239743 301.122939061)
    (1175.0 8.69774886846 7.70401476788 301.153642965)
    (1180.0 8.70402056117 7.67610713833 301.184346869)
    (1185.0 8.71029225388 7.64819950878 301.215050773)
    (1190.0 8.71656394659 7.62029187924 301.245754676)
    (1195.0 8.72283563931 7.59238424969 301.27645858)
    (1200.0 8.72910733202 7.56447662014 301.307162484)
    (1205.0 8.73537902473 7.53656899059 301.337866388)
    (1210.0 8.74165071744 7.50866136105 301.368570292)
    (1215.0 8.74792241016 7.4807537315 301.399274196)
    (1220.0 8.75419410287 7.45284610195 301.429978099)
    (1225.0 8.76046579558 7.4249384724 301.460682003)
    (1230.0 8.76469869081 7.40474685324 301.487900777)
    (1235.0 8.76594707066 7.39557943225 301.510204662)
    (1240.0 8.76719545052 7.38641201125 301.532508547)
    (1245.0 8.76844383037 7.37724459025 301.554812432)
    (1250.0 8.76969221023 7.36807716926 301.577116317)
    (1255.0 8.77094059008 7.35890974826 301.599420202)
    (1260.0 8.77218896994 7.34974232726 301.621724087)
    (1265.0 8.7734373498 7.34057490627 301.644027972)
    (1270.0 8.77468572965 7.33140748527 301.666331857)
    (1275.0 8.77593410951 7.32224006428 301.688635742)
    (1280.0 8.77718248936 7.31307264328 301.710939627)
    (1285.0 8.77843086922 7.30390522228 301.733243512)
    (1290.0 8.77967924907 7.29473780129 301.755547397)
    (1295.0 8.78092762893 7.28557038029 301.777851282)
    (1300.0 8.78217600878 7.27640295929 301.800155167)
    (1305.0 8.78342438864 7.2672355383 301.822459052)
    (1310.0 8.78467276849 7.2580681173 301.844762937)
    (1315.0 8.78592114835 7.2489006963 301.867066822)
    (1320.0 8.7871695282 7.23973327531 301.889370707)
    (1325.0 8.78841790806 7.23056585431 301.911674592)
    (1330.0 8.78966628791 7.22139843331 301.933978477)
    (1335.0 8.79062064299 7.2193135285 301.953062904)
    (1340.0 8.7912235107 7.2216107964 301.97027193)
    (1345.0 8.7918263784 7.22390806431 301.987480957)
    (1350.0 8.79242924611 7.22620533221 302.004689983)
    (1355.0 8.79303211382 7.22850260012 302.021899009)
    (1360.0 8.79363498153 7.23079986802 302.039108036)
    (1365.0 8.79423784923 7.23309713593 302.056317062)
    (1370.0 8.79484071694 7.23539440383 302.073526088)
    (1375.0 8.79544358465 7.23769167174 302.090735115)
    (1380.0 8.79604645235 7.23998893964 302.107944141)
    (1385.0 8.79664932006 7.24228620755 302.125153167)
    (1390.0 8.79725218777 7.24458347545 302.142362194)
    (1395.0 8.79785505548 7.24688074336 302.15957122)
    (1400.0 8.79845792318 7.24917801126 302.176780246)
    (1405.0 8.79906079089 7.25147527917 302.193989273)
    (1410.0 8.7996636586 7.25377254707 302.211198299)
    (1415.0 8.80026652631 7.25606981498 302.228407325)
    (1420.0 8.80086939401 7.25836708288 302.245616352)
    (1425.0 8.80147226172 7.26066435079 302.262825378)
    (1430.0 8.80207512943 7.26296161869 302.280034404)
    (1435.0 8.80267799714 7.2652588866 302.297243431)
    (1440.0 8.80328086484 7.2675561545 302.314452457)
    (1445.0 8.80388373255 7.2698534224 302.331661483)
    (1450.0 8.80714168541 7.27625513078 302.348501775)
    (1455.0 8.81090430633 7.28372449042 302.365274817)
    (1460.0 8.81466692725 7.29119385005 302.382047859)
    (1465.0 8.81842954817 7.29866320969 302.398820901)
    (1470.0 8.8221921691 7.30613256933 302.415593944)
    (1475.0 8.82595479002 7.31360192897 302.432366986)
    (1480.0 8.82971741094 7.32107128861 302.449140028)
    (1485.0 8.83348003186 7.32854064824 302.46591307)
    (1490.0 8.83724265278 7.33601000788 302.482686112)
    (1495.0 8.84100527371 7.34347936752 302.499459155)
    (1500.0 8.84476789463 7.35094872716 302.516232197)
    (1505.0 8.84853051555 7.3584180868 302.533005239)
    (1510.0 8.85229313647 7.36588744643 302.549778281)
    (1515.0 8.85605575739 7.37335680607 302.566551323)
    (1520.0 8.85981837832 7.38082616571 302.583324366)
    (1525.0 8.86358099924 7.38829552535 302.600097408)
    (1530.0 8.86734362016 7.39576488498 302.61687045)
    (1535.0 8.87110624108 7.40323424462 302.633643492)
    (1540.0 8.874868862 7.41070360426 302.650416535)
    (1545.0 8.87863148293 7.4181729639 302.667189577)
    (1550.0 8.88239410385 7.42564232354 302.683962619)
    (1555.0 8.88615672477 7.43311168317 302.700735661)
    (1560.0 8.88991934569 7.44058104281 302.717508703)
    (1565.0 8.89368196661 7.44805040245 302.734281746)
    (1570.0 8.89744458753 7.45551976209 302.751054788)
    (1575.0 8.90577679687 7.45966574234 302.770213174)
    (1580.0 8.91538919754 7.46297251769 302.790082735)
    (1585.0 8.92500159822 7.46627929305 302.809952297)
    (1590.0 8.93461399889 7.4695860684 302.829821858)
    (1595.0 8.94422639957 7.47289284375 302.84969142)
    (1600.0 8.95383880024 7.47619961911 302.869560981)
    (1605.0 8.96345120092 7.47950639446 302.889430542)
    (1610.0 8.97306360159 7.48281316981 302.909300104)
    (1615.0 8.98267600227 7.48611994517 302.929169665)
    (1620.0 8.99228840294 7.48942672052 302.949039227)
    (1625.0 9.00190080361 7.49273349588 302.968908788)
    (1630.0 9.01151320429 7.49604027123 302.988778349)
    (1635.0 9.02112560496 7.49934704658 303.008647911)
    (1640.0 9.03073800564 7.50265382194 303.028517472)
    (1645.0 9.04035040631 7.50596059729 303.048387034)
    (1650.0 9.04996280699 7.50926737264 303.068256595)
    (1655.0 9.05957520766 7.512574148 303.088126156)
    (1660.0 9.06918760834 7.51588092335 303.107995718)
    (1665.0 9.07880000901 7.5191876987 303.127865279)
    (1670.0 9.08841240968 7.52249447406 303.14773484)
    (1675.0 9.09802481036 7.52580124941 303.167604402)
    (1680.0 9.10763721103 7.52910802477 303.187473963)
    (1685.0 9.11724961171 7.53241480012 303.207343525)
    (1690.0 9.12686201238 7.53572157547 303.227213086)
    (1695.0 9.13647441306 7.53902835083 303.247082647)
    (1700.0 9.14608681373 7.54233512618 303.266952209)
    (1705.0 9.15569921441 7.54564190153 303.28682177)
    (1710.0 9.16738651976 7.54422369373 303.307728936)
    (1715.0 9.18337906489 7.53332442061 303.330807035)
    (1720.0 9.19937161001 7.52242514748 303.353885135)
    (1725.0 9.21536415514 7.51152587435 303.376963234)
    (1730.0 9.23135670026 7.50062660123 303.400041334)
    (1735.0 9.24734924539 7.4897273281 303.423119433)
    (1740.0 9.26334179052 7.47882805497 303.446197533)
    (1745.0 9.27933433564 7.46792878185 303.469275632)
    (1750.0 9.29532688077 7.45702950872 303.492353732)
    (1755.0 9.31131942589 7.44613023559 303.515431831)
    (1760.0 9.32731197102 7.43523096247 303.53850993)
    (1765.0 9.34330451615 7.42433168934 303.56158803)
    (1770.0 9.35929706127 7.41343241621 303.584666129)
    (1775.0 9.3752896064 7.40253314309 303.607744229)
    (1780.0 9.39128215152 7.39163386996 303.630822328)
    (1785.0 9.40727469665 7.38073459683 303.653900428)
    (1790.0 9.42326724178 7.36983532371 303.676978527)
    (1795.0 9.4392597869 7.35893605058 303.700056627)
    (1800.0 9.45525233203 7.34803677745 303.723134726)
    (1805.0 9.47124487715 7.33713750433 303.746212825)
    (1810.0 9.48723742228 7.3262382312 303.769290925)
    (1815.0 9.5032299674 7.31533895807 303.792369024)
    (1820.0 9.51922251253 7.30443968495 303.815447124)
    (1825.0 9.53521505766 7.29354041182 303.838525223)
    (1830.0 9.55120760278 7.28264113869 303.861603323)
    (1835.0 9.56720014791 7.27174186557 303.884681422)
    (1840.0 9.58319269303 7.26084259244 303.907759522)
    (1845.0 9.59918523816 7.24994331931 303.930837621)
    (1850.0 9.61517778329 7.23904404619 303.95391572)
    (1855.0 9.63117032841 7.22814477306 303.97699382)
    (1860.0 9.645974093 7.21399361903 303.999545852)
    (1865.0 9.657574969 7.18870610342 304.020397761)
    (1870.0 9.66917584499 7.1634185878 304.041249669)
    (1875.0 9.68077672098 7.13813107218 304.062101578)
    (1880.0 9.69237759697 7.11284355657 304.082953487)
    (1885.0 9.70397847296 7.08755604095 304.103805395)
    (1890.0 9.71557934895 7.06226852534 304.124657304)
    (1895.0 9.72718022494 7.03698100972 304.145509213)
    (1900.0 9.73878110093 7.0116934941 304.166361121)
    (1905.0 9.75038197693 6.98640597849 304.18721303)
    (1910.0 9.76198285292 6.96111846287 304.208064939)
    (1915.0 9.77358372891 6.93583094725 304.228916848)
    (1920.0 9.7851846049 6.91054343164 304.249768756)
    (1925.0 9.79678548089 6.88525591602 304.270620665)
    (1930.0 9.80838635688 6.85996840041 304.291472574)
    (1935.0 9.81998723287 6.83468088479 304.312324482)
    (1940.0 9.83158810886 6.80939336917 304.333176391)
    (1945.0 9.84318898486 6.78410585356 304.3540283)
    (1950.0 9.85478986085 6.75881833794 304.374880208)
    (1955.0 9.86639073684 6.73353082232 304.395732117)
    (1960.0 9.87799161283 6.70824330671 304.416584026)
    (1965.0 9.88959248882 6.68295579109 304.437435934)
    (1970.0 9.90119336481 6.65766827548 304.458287843)
    (1975.0 9.9127942408 6.63238075986 304.479139752)
    (1980.0 9.92439511679 6.60709324424 304.49999166)
    (1985.0 9.93599599278 6.58180572863 304.520843569)
    (1990.0 9.94759686878 6.55651821301 304.541695478)
    (1995.0 9.95919774477 6.53123069739 304.562547386)
    (2000.0 9.97079862076 6.50594318178 304.583399295)
