             (0.0 302.462124221)
             (600.000058115 300.560207524)
             (1200.00011623 299.50694511)
             (1800.00010729 299.049377649)
             (2400.00023246 298.73019532)
             (3000.00023693 298.443821334)
             (3600.00022799 298.211106582)
             (4200.00000447 298.114644446)
             (4800.00046492 298.062746452)
             (5400.00045598 297.971259106)
             (6000.00046045 297.884961664)
             (6600.00046492 297.742243774)
             (7200.00045598 297.539614284)
             (7799.99999106 297.315315863)
             (8400.00000894 297.111787674)
             (9000.00091195 296.913110349)
             (9600.00091642 296.716614008)
             (10200.0009209 296.508722848)
             (10800.000912 296.260063671)
             (11400.0009164 295.993458203)
             (12000.0009209 295.771486441)
             (12600.000912 295.618547729)
             (13200.0009164 295.515292383)
             (13800.0009209 295.466299395)
             (14400.000912 295.443675509)
             (15000.0009164 295.39131085)
             (15599.9999955 295.272026212)
             (16200.0 295.088863286)
             (16800.0000045 294.874677326)
             (17399.9999955 294.662241573)
             (18000.0018373 294.486588044)
             (18600.0018284 294.36900781)
             (19200.0018328 294.30675504)
             (19800.0018239 294.283790067)
             (20400.0018284 294.275658286)
             (21000.0018328 294.263367407)
             (21600.0018239 294.234422218)
             (22200.0018418 294.195133481)
             (22800.0018328 294.154779057)
             (23400.0018373 294.121277364)
             (24000.0018284 294.096993474)
             (24600.0018328 294.076342334)
             (25200.0018239 294.050287226)
             (25800.0018284 294.008952043)
             (26400.0018328 293.930346437)
             (27000.0018239 293.80889541)
             (27600.0018418 293.692334853)
             (28200.0018328 293.597600557)
             (28800.0018373 293.506419032)
             (29400.0018284 293.409685338)
             (30000.0018328 293.305301346)
             (30600.0018239 293.194634009)
             (31200.0000045 293.086168813)
             (31799.9999955 292.982985024)
             (32400.0 292.88511493)
             (33000.0000045 292.790408235)
             (33599.9999955 292.695942846)
             (34200.0 292.599572978)
             (34799.9999911 292.502300064)
             (35400.0036567 292.40765467)
             (36000.0036612 292.3153746)
             (36600.0036657 292.223744338)
             (37200.0036702 292.133874376)
             (37800.0036612 292.057876865)
             (38400.0036657 292.003487894)
             (39000.0036567 291.969049018)
             (39600.0036612 291.951804431)
             (40200.0036657 291.953695421)
             (40800.0036567 291.966577482)
             (41400.0036612 291.987384597)
             (42000.0036657 292.018629465)
             (42600.0036702 292.062629615)
             (43200.0036612 292.120174704)
             (43800.0036657 292.189693366)
             (44400.0036567 292.268745409)
             (45000.0036612 292.355538347)
             (45600.0036657 292.449951649)
             (46200.0036567 292.54329339)
             (46800.0036612 292.631387355)
             (47400.0036657 292.715736387)
             (48000.0036702 292.787672396)
             (48600.0036612 293.080652286)
             (49200.0036657 293.744494786)
             (49800.0036567 294.556888855)
             (50400.0036612 295.400670323)
             (51000.0036657 296.281752627)
             (51600.0036567 297.139120316)
             (52200.0036612 297.921001096)
             (52800.0036657 298.650803205)
             (53400.0036702 299.273566163)
             (54000.0036612 299.823409226)
             (54600.0036657 300.353715164)
             (55200.0036567 300.838219397)
             (55800.0036612 301.283469655)
             (56400.0036657 301.718886652)
             (57000.0036567 302.11212221)
             (57600.0036612 302.486337063)
             (58200.0036657 302.877101268)
             (58800.0036702 303.255571979)
             (59400.0036612 303.628995139)
             (60000.0036657 304.00045083)
             (60600.0036567 304.349662463)
             (61200.0036612 304.694981455)
             (61799.9999911 305.04636254)
             (62400.0000089 305.374552995)
             (63000.0 305.693195982)
             (63600.0000045 306.007834073)
             (64199.9999955 306.307719027)
             (64800.0 306.604633932)
             (65400.0000045 306.901308707)
             (65999.9999955 307.190016008)
             (66600.0 307.476281969)
             (67199.9999911 307.761138964)
             (67800.0000089 308.038590209)
             (68400.0 308.304723164)
             (69000.0000045 308.551038498)
             (69599.9999955 308.777593834)
             (70200.0 308.981833923)
             (70800.0073269 309.163315575)
             (71400.007318 309.331462199)
             (72000.0073224 309.479824861)
             (72600.0073135 309.604308344)
             (73200.0073314 309.721918859)
             (73800.0073224 309.826968774)
             (74400.0073269 309.907283804)
             (75000.0073314 309.981689501)
             (75600.0073224 310.037970605)
             (76200.0073269 310.058154969)
             (76800.007318 310.069875479)
             (77400.0073224 310.064601151)
             (78000.0073135 310.02228588)
             (78600.0073314 309.975024639)
             (79200.0073224 309.910932555)
             (79800.0073269 309.806210653)
             (80400.0073314 309.695644254)
             (81000.0073224 309.558150922)
             (81600.0073269 309.360539338)
             (82200.007318 309.129862597)
             (82800.0073224 308.817418589)
             (83400.0073135 308.364220464)
             (84000.0073314 307.801174921)
             (84600.0073224 307.087299024)
             (85200.0073269 306.212969208)
             (85800.0073314 305.489078217)
             (86400.0 305.047371503)
             (87000.0000045 304.728352512)
             (87599.9999955 304.463593623)
             (88200.0 304.229109903)
             (88799.9999911 304.018505305)
             (89400.0000089 303.829811278)
             (90000.0 303.661987786)
             (90600.0000045 303.510388049)
             (91199.9999955 303.404005343)
             (91800.0 303.327709971)
             (92400.0000045 303.218413806)
             (92999.9999955 303.100510148)
             (93600.0 303.003935557)
             (94199.9999911 302.923063854)
             (94800.0000089 302.849968789)
             (95400.0 302.78377644)
             (96000.0000045 302.725717853)
             (96599.9999955 302.677612454)
             (97200.0 302.638639072)
             (97800.0000045 302.604579773)
             (98399.9999955 302.572607786)
             (99000.0 302.53891215)
             (99599.9999911 302.495704197)
             (100200.000009 302.442738569)
             (100800.0 302.378470986)
             (101400.000004 302.300407443)
             (101999.999996 302.210048862)
             (102600.0 302.109349613)
             (103200.000004 301.999115776)
             (103799.999996 301.881434989)
             (104400.0 301.758143223)
             (104999.999991 301.632353134)
             (105600.000009 301.505685997)
             (106200.0 301.379642736)
             (106800.000004 301.254790796)
             (107399.999996 301.132531072)
             (108000.0 301.01460409)
             (108600.000004 300.902297102)
             (109199.999996 300.795385118)
             (109800.0 300.691717547)
             (110399.999991 300.589668903)
             (111000.000009 300.486369585)
             (111600.0 300.381860716)
             (112200.000004 300.276331153)
             (112799.999996 300.169053356)
             (113400.0 300.065665426)
             (114000.000004 299.973959707)
             (114599.999996 299.878802745)
             (115200.0 299.773516683)
             (115799.999991 299.66333362)
             (116400.000009 299.549828405)
             (117000.0 299.434474995)
             (117600.000004 299.317800635)
             (118199.999996 299.196390003)
             (118800.0 299.071146059)
             (119400.000004 298.947269532)
             (119999.999996 298.823832371)
             (120600.0 298.701971353)
             (121199.999991 298.58314871)
             (121800.000009 298.468649778)
             (122400.0 298.356328913)
             (123000.000004 298.239631362)
             (123599.999996 298.116353905)
             (124200.0 297.984849543)
             (124800.000004 297.844554865)
             (125399.999996 297.701561377)
             (126000.0 297.559809488)
             (126599.999991 297.421912792)
             (127200.000009 297.29282376)
             (127800.0 297.17775844)
             (128400.000004 297.076330737)
             (128999.999996 296.989616443)
             (129600.0 296.914509351)
             (130200.000004 296.844453693)
             (130799.999996 296.776156007)
             (131400.0 296.705593132)
             (131999.999991 296.630091213)
             (132600.000009 296.548933963)
             (133200.0 296.4620079)
             (133800.000004 296.370480278)
             (134399.999996 296.280675331)
             (135000.0 296.377247666)
             (135600.000004 296.894837204)
             (136199.999996 297.637115445)
             (136800.0 298.382981202)
             (137399.999991 299.089012809)
             (138000.000009 299.742868896)
             (138600.0 300.386419238)
             (139200.000004 301.077696104)
             (139799.999996 301.738615212)
             (140400.0 302.354143302)
             (141000.000004 302.955876181)
             (141599.999996 303.53033121)
             (142200.0 304.094584325)
             (142799.999991 304.665794658)
             (143400.000009 305.220060813)
             (144000.0 305.77438102)
             (144600.000004 306.354862431)
             (145199.999996 306.930852972)
             (145800.0 307.507954926)
             (146400.000004 308.080907048)
             (146999.999996 308.609036123)
             (147600.0 309.082941317)
             (148199.999991 309.511789407)
             (148800.000009 309.902239351)
             (149400.0 310.278441846)
             (150000.000004 310.652080458)
             (150599.999996 311.017615181)
             (151200.0 311.377394004)
             (151800.000004 311.733547863)
             (152399.999996 312.077122744)
             (153000.0 312.408471462)
             (153599.999991 312.725359488)
             (154200.000009 313.023439008)
             (154800.0 313.299145952)
             (155400.000004 313.549913092)
             (155999.999996 313.776761959)
             (156600.0 313.977693463)
             (157200.000004 314.149910869)
             (157799.999996 314.299713148)
             (158400.0 314.429422862)
             (158999.999991 314.531854764)
             (159600.000009 314.620585194)
             (160200.0 314.691599619)
             (160800.000004 314.736988535)
             (161399.999996 314.774209219)
             (162000.0 314.797952481)
             (162600.000004 314.794995324)
             (163199.999996 314.785829648)
             (163800.0 314.763289835)
             (164399.999991 314.711929284)
             (165000.000009 314.65708362)
             (165600.0 314.588380696)
             (166200.000004 314.485466841)
             (166799.999996 314.375097229)
             (167400.0 314.232704545)
             (168000.000004 313.933936217)
             (168599.999996 313.42214906)
             (169200.0 312.798218261)
             (169799.999991 312.057002848)
             (170400.000009 311.097619791)
             (171000.0 309.943810104)
             (171600.000004 308.723284058)
             (172199.999996 307.52315971)
