             (0.0 284.733306885)
             (600.000058115 283.134185791)
             (1200.00011623 282.216888428)
             (1800.00010729 281.792816162)
             (2400.00023246 281.457580566)
             (3000.00023693 281.242156982)
             (3600.00022799 281.027832031)
             (4200.00000447 280.861999512)
             (4800.00046492 280.751342773)
             (5400.00045598 280.638244629)
             (6000.00046045 280.559204102)
             (6600.00046492 280.41293335)
             (7200.00045598 280.217559814)
             (7799.99999106 280.011230469)
             (8400.00000894 279.82131958)
             (9000.00091195 279.63458252)
             (9600.00091642 279.450286865)
             (10200.0009209 279.251525879)
             (10800.000912 279.019775391)
             (11400.0009164 278.780914307)
             (12000.0009209 278.581481934)
             (12600.000912 278.431793213)
             (13200.0009164 278.318634033)
             (13800.0009209 278.248382568)
             (14400.000912 278.205688477)
             (15000.0009164 278.145965576)
             (15599.9999955 278.032592773)
             (16200.0 277.866149902)
             (16800.0000045 277.674682617)
             (17399.9999955 277.485198975)
             (18000.0018373 277.32119751)
             (18600.0018284 277.197357178)
             (19200.0018328 277.111938477)
             (19800.0018239 277.059509277)
             (20400.0018284 277.025604248)
             (21000.0018328 276.995178223)
             (21600.0018239 276.955444336)
             (22200.0018418 276.908416748)
             (22800.0018328 276.860015869)
             (23400.0018373 276.816772461)
             (24000.0018284 276.780517578)
             (24600.0018328 276.74786377)
             (25200.0018239 276.712646484)
             (25800.0018284 276.666931152)
             (26400.0018328 276.597503662)
             (27000.0018239 276.50012207)
             (27600.0018418 276.400482178)
             (28200.0018328 276.312255859)
             (28800.0018373 276.223815918)
             (29400.0018284 276.128631592)
             (30000.0018328 276.025604248)
             (30600.0018239 275.916748047)
             (31200.0000045 275.807983398)
             (31799.9999955 275.702362061)
             (32400.0 275.601745605)
             (33000.0000045 275.503295898)
             (33599.9999955 275.405059814)
             (34200.0 275.306793213)
             (34799.9999911 275.207183838)
             (35400.0036567 275.111114502)
             (36000.0036612 275.017150879)
             (36600.0036657 274.924957275)
             (37200.0036702 274.834594727)
             (37800.0036612 274.755889893)
             (38400.0036657 274.695129395)
             (39000.0036567 274.650482178)
             (39600.0036612 274.621582031)
             (40200.0036657 274.608612061)
             (40800.0036567 274.606201172)
             (41400.0036612 274.612030029)
             (42000.0036657 274.628875732)
             (42600.0036702 274.656524658)
             (43200.0036612 274.698486328)
             (43800.0036657 274.753173828)
             (44400.0036567 274.816497803)
             (45000.0036612 274.889282227)
             (45600.0036657 274.969818115)
             (46200.0036567 275.04989624)
             (46800.0036612 275.126495361)
             (47400.0036657 275.200134277)
             (48000.0036702 275.270568848)
             (48600.0036612 275.545227051)
             (49200.0036657 276.159454346)
             (49800.0036567 276.907012939)
             (50400.0036612 277.701080322)
             (51000.0036657 278.534759521)
             (51600.0036567 279.352264404)
             (52200.0036612 280.098052979)
             (52800.0036657 280.791778564)
             (53400.0036702 281.383758545)
             (54000.0036612 281.903839111)
             (54600.0036657 282.403533936)
             (55200.0036567 282.860321045)
             (55800.0036612 283.278533936)
             (56400.0036657 283.68447876)
             (57000.0036567 284.051879883)
             (57600.0036612 284.400238037)
             (58200.0036657 284.762512207)
             (58800.0036702 285.115905762)
             (59400.0036612 285.464294434)
             (60000.0036657 285.808288574)
             (60600.0036567 286.134002686)
             (61200.0036612 286.456176758)
             (61799.9999911 286.783111572)
             (62400.0000089 287.090789795)
             (63000.0 287.38885498)
             (63600.0000045 287.683624268)
             (64199.9999955 287.965545654)
             (64800.0 288.2449646)
             (65400.0000045 288.524139404)
             (65999.9999955 288.796112061)
             (66600.0 289.066253662)
             (67199.9999911 289.335693359)
             (67800.0000089 289.597869873)
             (68400.0 289.84854126)
             (69000.0000045 290.080383301)
             (69599.9999955 290.288635254)
             (70200.0 290.478851318)
             (70800.0073269 290.657073975)
             (71400.007318 290.817352295)
             (72000.0073224 290.955810547)
             (72600.0073135 291.072418213)
             (73200.0073314 291.182189941)
             (73800.0073224 291.281341553)
             (74400.0073269 291.359039307)
             (75000.0073314 291.429077148)
             (75600.0073224 291.482452393)
             (76200.0073269 291.5027771)
             (76800.007318 291.513061523)
             (77400.0073224 291.506713867)
             (78000.0073135 291.466949463)
             (78600.0073314 291.422973633)
             (79200.0073224 291.361694336)
             (79800.0073269 291.259246826)
             (80400.0073314 291.147918701)
             (81000.0073224 291.014160156)
             (81600.0073269 290.826202393)
             (82200.007318 290.609130859)
             (82800.0073224 290.320953369)
             (83400.0073135 289.90802002)
             (84000.0073314 289.397796631)
             (84600.0073224 288.755889893)
             (85200.0073269 287.97744751)
             (85800.0073314 287.334747314)
             (86400.0 286.927368164)
             (87000.0000045 286.62512207)
             (87599.9999955 286.371429443)
             (88200.0 286.145843506)
             (88799.9999911 285.940582275)
             (89400.0000089 285.754516602)
             (90000.0 285.585205078)
             (90600.0000045 285.428039551)
             (91199.9999955 285.297058105)
             (91800.0 285.194915771)
             (92400.0000045 285.08291626)
             (92999.9999955 284.96484375)
             (93600.0 284.859527588)
             (94199.9999911 284.76663208)
             (94800.0000089 284.683929443)
             (95400.0 284.609741211)
             (96000.0000045 284.545440674)
             (96599.9999955 284.49130249)
             (97200.0 284.44543457)
             (97800.0000045 284.40335083)
             (98399.9999955 284.363006592)
             (99000.0 284.321075439)
             (99599.9999911 284.271270752)
             (100200.000009 284.213043213)
             (100800.0 284.144500732)
             (101400.000004 284.064300537)
             (101999.999996 283.972045898)
             (102600.0 283.87097168)
             (103200.000004 283.761108398)
             (103799.999996 283.644561768)
             (104400.0 283.523498535)
             (104999.999991 283.400299072)
             (105600.000009 283.2784729)
             (106200.0 283.158935547)
             (106800.000004 283.04196167)
             (107399.999996 282.92868042)
             (108000.0 282.819519043)
             (108600.000004 282.714691162)
             (109199.999996 282.61416626)
             (109800.0 282.516601562)
             (110399.999991 282.421203613)
             (111000.000009 282.324737549)
             (111600.0 282.227325439)
             (112200.000004 282.129272461)
             (112799.999996 282.02911377)
             (113400.0 281.924835205)
             (114000.000004 281.826965332)
             (114599.999996 281.73348999)
             (115200.0 281.636444092)
             (115799.999991 281.53515625)
             (116400.000009 281.430725098)
             (117000.0 281.324890137)
             (117600.000004 281.215148926)
             (118199.999996 281.102172852)
             (118800.0 280.983947754)
             (119400.000004 280.865661621)
             (119999.999996 280.750518799)
             (120600.0 280.638183594)
             (121199.999991 280.528442383)
             (121800.000009 280.423248291)
             (122400.0 280.320007324)
             (123000.000004 280.214752197)
             (123599.999996 280.105316162)
             (124200.0 279.991790771)
             (124800.000004 279.870330811)
             (125399.999996 279.746734619)
             (126000.0 279.62298584)
             (126599.999991 279.501098633)
             (127200.000009 279.386505127)
             (127800.0 279.281402588)
             (128400.000004 279.184539795)
             (128999.999996 279.097747803)
             (129600.0 279.019042969)
             (130200.000004 278.943756104)
             (130799.999996 278.871185303)
             (131400.0 278.798614502)
             (131999.999991 278.722564697)
             (132600.000009 278.643859863)
             (133200.0 278.562042236)
             (133800.000004 278.476135254)
             (134399.999996 278.389373779)
             (135000.0 278.459320068)
             (135600.000004 278.874542236)
             (136199.999996 279.52545166)
             (136800.0 280.238952637)
             (137399.999991 280.919158936)
             (138000.000009 281.549194336)
             (138600.0 282.170471191)
             (139200.000004 282.836639404)
             (139799.999996 283.47567749)
             (140400.0 284.070159912)
             (141000.000004 284.649291992)
             (141599.999996 285.204589844)
             (142200.0 285.749420166)
             (142799.999991 286.296539307)
             (143400.000009 286.829437256)
             (144000.0 287.361450195)
             (144600.000004 287.915863037)
             (145199.999996 288.46987915)
             (145800.0 289.024536133)
             (146400.000004 289.572906494)
             (146999.999996 290.081726074)
             (147600.0 290.537902832)
             (148199.999991 290.947296143)
             (148800.000009 291.321350098)
             (149400.0 291.681213379)
             (150000.000004 292.036895752)
             (150599.999996 292.386505127)
             (151200.0 292.731262207)
             (151800.000004 293.071472168)
             (152399.999996 293.402160645)
             (153000.0 293.722900391)
             (153599.999991 294.030548096)
             (154200.000009 294.321380615)
             (154800.0 294.590911865)
             (155400.000004 294.8387146)
             (155999.999996 295.06338501)
             (156600.0 295.263946533)
             (157200.000004 295.437133789)
             (157799.999996 295.585479736)
             (158400.0 295.717163086)
             (158999.999991 295.824371338)
             (159600.000009 295.916687012)
             (160200.0 295.991119385)
             (160800.000004 296.042816162)
             (161399.999996 296.084472656)
             (162000.0 296.113922119)
             (162600.000004 296.119018555)
             (163199.999996 296.116760254)
             (163800.0 296.100799561)
             (164399.999991 296.058807373)
             (165000.000009 296.011535645)
             (165600.0 295.95022583)
             (166200.000004 295.855621338)
             (166799.999996 295.752838135)
             (167400.0 295.620483398)
             (168000.000004 295.348937988)
             (168599.999996 294.903564453)
             (169200.0 294.341827393)
             (169799.999991 293.603302002)
             (170400.000009 292.82144165)
             (171000.0 291.930419922)
             (171600.000004 290.948669434)
             (172199.999996 290.162261963)
