             (0.0 290.121876722)
             (600.000058115 288.738513672)
             (1200.00011623 287.897524614)
             (1800.00010729 287.57794999)
             (2400.00023246 287.280211212)
             (3000.00023693 286.971495856)
             (3600.00022799 286.770087421)
             (4200.00000447 286.670190179)
             (4800.00046492 286.552094381)
             (5400.00045598 286.429270038)
             (6000.00046045 286.304848674)
             (6600.00046492 286.154597413)
             (7200.00045598 285.944634562)
             (7799.99999106 285.724081013)
             (8400.00000894 285.532052057)
             (9000.00091195 285.337575816)
             (9600.00091642 285.133485028)
             (10200.0009209 284.917444558)
             (10800.000912 284.660883044)
             (11400.0009164 284.398631745)
             (12000.0009209 284.199125299)
             (12600.000912 284.054976962)
             (13200.0009164 283.955247518)
             (13800.0009209 283.905661193)
             (14400.000912 283.864724589)
             (15000.0009164 283.793700633)
             (15599.9999955 283.65594415)
             (16200.0 283.467585367)
             (16800.0000045 283.258862787)
             (17399.9999955 283.059494007)
             (18000.0018373 282.904490722)
             (18600.0018284 282.803899318)
             (19200.0018328 282.744810537)
             (19800.0018239 282.70498946)
             (20400.0018284 282.671916178)
             (21000.0018328 282.632757991)
             (21600.0018239 282.572772713)
             (22200.0018418 282.511074723)
             (22800.0018328 282.457792723)
             (23400.0018373 282.416399031)
             (24000.0018284 282.381926567)
             (24600.0018328 282.349241727)
             (25200.0018239 282.312476636)
             (25800.0018284 282.252379498)
             (26400.0018328 282.154340038)
             (27000.0018239 282.014106727)
             (27600.0018418 281.891493347)
             (28200.0018328 281.797490189)
             (28800.0018373 281.709534825)
             (29400.0018284 281.614310283)
             (30000.0018328 281.510212382)
             (30600.0018239 281.39992636)
             (31200.0000045 281.289848225)
             (31799.9999955 281.190248375)
             (32400.0 281.098913433)
             (33000.0000045 281.022045409)
             (33599.9999955 280.942676664)
             (34200.0 280.850885042)
             (34799.9999911 280.757667025)
             (35400.0036567 280.670044445)
             (36000.0036612 280.58249948)
             (36600.0036657 280.498534993)
             (37200.0036702 280.413982333)
             (37800.0036612 280.34477648)
             (38400.0036657 280.309648643)
             (39000.0036567 280.288178157)
             (39600.0036612 280.286966972)
             (40200.0036657 280.312349721)
             (40800.0036567 280.335663104)
             (41400.0036612 280.364953738)
             (42000.0036657 280.407497685)
             (42600.0036702 280.452913759)
             (43200.0036612 280.510189608)
             (43800.0036657 280.582144184)
             (44400.0036567 280.663303003)
             (45000.0036612 280.751776832)
             (45600.0036657 280.859169745)
             (46200.0036567 280.953198238)
             (46800.0036612 281.046416898)
             (47400.0036657 281.133397488)
             (48000.0036702 281.189232568)
             (48600.0036612 281.733240894)
             (49200.0036657 282.87574229)
             (49800.0036567 283.93507166)
             (50400.0036612 284.991905755)
             (51000.0036657 286.217971789)
             (51600.0036567 287.248438102)
             (52200.0036612 288.218828493)
             (52800.0036657 289.23738383)
             (53400.0036702 290.025596604)
             (54000.0036612 290.745959653)
             (54600.0036657 291.546540158)
             (55200.0036567 292.21879134)
             (55800.0036612 292.872235574)
             (56400.0036657 293.603800875)
             (57000.0036567 294.213984009)
             (57600.0036612 294.802743115)
             (58200.0036657 295.47641671)
             (58800.0036702 296.058371283)
             (59400.0036612 296.633029183)
             (60000.0036657 297.236391859)
             (60600.0036567 297.739914976)
             (61200.0036612 298.24210105)
             (61799.9999911 298.785239774)
             (62400.0000089 299.238158688)
             (63000.0 299.689926631)
             (63600.0000045 300.128817445)
             (64199.9999955 300.513964315)
             (64800.0 300.88580628)
             (65400.0000045 301.25771033)
             (65999.9999955 301.591266009)
             (66600.0 301.895133229)
             (67199.9999911 302.179142099)
             (67800.0000089 302.428327707)
             (68400.0 302.641864704)
             (69000.0000045 302.811170911)
             (69599.9999955 302.968321555)
             (70200.0 303.067670451)
             (70800.0073269 303.110471866)
             (71400.007318 303.168361303)
             (72000.0073224 303.183804005)
             (72600.0073135 303.117454834)
             (73200.0073314 303.082852235)
             (73800.0073224 303.031813231)
             (74400.0073269 302.883194671)
             (75000.0073314 302.77038251)
             (75600.0073224 302.633331264)
             (76200.0073269 302.376302374)
             (76800.007318 302.173242862)
             (77400.0073224 301.944354631)
             (78000.0073135 301.587557164)
             (78600.0073314 301.301356817)
             (79200.0073224 300.994363841)
             (79800.0073269 300.538940518)
             (80400.0073314 300.172806952)
             (81000.0073224 299.78033922)
             (81600.0073269 299.224149672)
             (82200.007318 298.741586687)
             (82800.0073224 298.178086992)
             (83400.0073135 297.360449395)
             (84000.0073314 296.572909725)
             (84600.0073224 295.671323406)
             (85200.0073269 294.597348236)
             (85800.0073314 293.964302344)
             (86400.0 293.588463556)
             (87000.0000045 293.285094534)
             (87599.9999955 293.029672958)
             (88200.0 292.800892096)
             (88799.9999911 292.592863795)
             (89400.0000089 292.412760941)
             (90000.0 292.243096192)
             (90600.0000045 292.08609378)
             (91199.9999955 291.984175789)
             (91800.0 291.898099973)
             (92400.0000045 291.770123759)
             (92999.9999955 291.651769634)
             (93600.0 291.551852371)
             (94199.9999911 291.468343084)
             (94800.0000089 291.395907053)
             (95400.0 291.333413137)
             (96000.0000045 291.270681714)
             (96599.9999955 291.219754177)
             (97200.0 291.183346591)
             (97800.0000045 291.14863803)
             (98399.9999955 291.127650715)
             (99000.0 291.101040459)
             (99599.9999911 291.071593453)
             (100200.000009 291.038924169)
             (100800.0 290.999453024)
             (101400.000004 290.947277972)
             (101999.999996 290.880112322)
             (102600.0 290.800400994)
             (103200.000004 290.710617558)
             (103799.999996 290.614572758)
             (104400.0 290.510235004)
             (104999.999991 290.403769931)
             (105600.000009 290.293890573)
             (106200.0 290.182198681)
             (106800.000004 290.072211696)
             (107399.999996 289.962169269)
             (108000.0 289.859291819)
             (108600.000004 289.76335245)
             (109199.999996 289.666942495)
             (109800.0 289.571036867)
             (110399.999991 289.475089718)
             (111000.000009 289.37615929)
             (111600.0 289.275184096)
             (112200.000004 289.176546724)
             (112799.999996 289.078751267)
             (113400.0 288.990529396)
             (114000.000004 288.914872034)
             (114599.999996 288.833115749)
             (115200.0 288.739293391)
             (115799.999991 288.643323701)
             (116400.000009 288.539739721)
             (117000.0 288.431078328)
             (117600.000004 288.309513331)
             (118199.999996 288.180463019)
             (118800.0 288.052448032)
             (119400.000004 287.955539927)
             (119999.999996 287.853477088)
             (120600.0 287.75565405)
             (121199.999991 287.656620896)
             (121800.000009 287.557250429)
             (122400.0 287.456327331)
             (123000.000004 287.348854815)
             (123599.999996 287.230607455)
             (124200.0 287.105658121)
             (124800.000004 286.975690669)
             (125399.999996 286.854725561)
             (126000.0 286.740371823)
             (126599.999991 286.627729658)
             (127200.000009 286.524286138)
             (127800.0 286.42920178)
             (128400.000004 286.334423327)
             (128999.999996 286.248969425)
             (129600.0 286.166440896)
             (130200.000004 286.079730806)
             (130799.999996 285.998321113)
             (131400.0 285.915871024)
             (131999.999991 285.826613599)
             (132600.000009 285.734575488)
             (133200.0 285.63513821)
             (133800.000004 285.525345348)
             (134399.999996 285.431486301)
             (135000.0 285.727233437)
             (135600.000004 286.570018496)
             (136199.999996 287.533922812)
             (136800.0 288.502499533)
             (137399.999991 289.624931452)
             (138000.000009 290.533577234)
             (138600.0 291.448468364)
             (139200.000004 292.556906238)
             (139799.999996 293.475950385)
             (140400.0 294.334704037)
             (141000.000004 295.318168646)
             (141599.999996 296.154249318)
             (142200.0 296.962163495)
             (142799.999991 297.900670539)
             (143400.000009 298.670802771)
             (144000.0 299.448579767)
             (144600.000004 300.356197962)
             (145199.999996 301.120592432)
             (145800.0 301.86535111)
             (146400.000004 302.678950816)
             (146999.999996 303.316424727)
             (147600.0 303.892715779)
             (148199.999991 304.486336938)
             (148800.000009 304.996270054)
             (149400.0 305.494737614)
             (150000.000004 306.009415299)
             (150599.999996 306.4575532)
             (151200.0 306.881057182)
             (151800.000004 307.288489311)
             (152399.999996 307.644810691)
             (153000.0 307.955273357)
             (153599.999991 308.23082305)
             (154200.000009 308.45881964)
             (154800.0 308.646305803)
             (155400.000004 308.771564311)
             (155999.999996 308.87061311)
             (156600.0 308.934446463)
             (157200.000004 308.924181051)
             (157799.999996 308.920440389)
             (158400.0 308.887826921)
             (158999.999991 308.761306052)
             (159600.000009 308.664637144)
             (160200.0 308.546561553)
             (160800.000004 308.318029453)
             (161399.999996 308.139317395)
             (162000.0 307.929254385)
             (162600.000004 307.580725448)
             (163199.999996 307.299788332)
             (163800.0 306.988783526)
             (164399.999991 306.523145898)
             (165000.000009 306.14448335)
             (165600.0 305.737133644)
             (166200.000004 305.14449743)
             (166799.999996 304.65670834)
             (167400.0 304.134869252)
             (168000.000004 303.334725012)
             (168599.999996 302.480854694)
             (169200.0 301.402297365)
             (169799.999991 299.826201835)
             (170400.000009 298.597783189)
             (171000.0 297.424022467)
             (171600.000004 296.146606437)
             (172199.999996 295.754501371)
